T=5000
start=k-means
max_len=4
th_prune=0.007
log_pr_thresh=0.01
arr_T=[500, 500, 500, 500, 500, 500, 500, 500, 500, 500]
[  1.   2.   3.   2.   1.   0.  11.   3.   6.   1.   9.  14.   0.   2.   0.
   0.   0.   0.   0.   1.   7.  11.   2.   1.   0.   0.   1.   1.   7.   6.
  15.   1.   3.   0.   6.   1.   2.   1.   7.   1.   4.   2.   2.   1.   1.
   1.   0.   2.   8.   3.  11.  13.   9.   3.   0.   1.   2.   0.   3.   7.
   3.   6.   0.   2.   1.   3.   2.   1.   2.   8.  10.   0.   8.   4.   6.
   4.   3.   1.   0.   4.   1.   1.   2.   2.   9.  12.   8.   1.   1.   0.
   9.   5.  14.   6.   2.   0.   1.  11.   2.   2.   0.   1.   0.   1.   0.
   3.   0.   1.   1.   9.   0.   0.   0.   1.   0.   1.   0.   0.   1.   4.
   1.  10.   2.   8.   1.   1.  10.   0.   2.   1.   0.   5.   1.   0.   0.
   0.   0.   2.   1.   3.   1.   1.   1.   1.   7.   1.   1.   2.   2.   3.
   0.   2.   2.   2.   2.   1.   1.   2.   4.   0.   1.   0.   1.   7.   7.
   8.  12.   6.   0.   1.   1.   2.   3.   4.   1.   2.   3.   0.   1.  11.
   9.   7.   6.  11.   0.  10.   8.  11.   0.   0.   5.  10.   2.   0.   1.
   2.   8.   5.   6.   6.   2.   1.   0.   1.   3.  13.   4.  10.   9.  10.
   1.   2.   1.   9.  12.   8.  11.   1.   0.   1.   1.  15.  11.   8.   2.
   0.   5.  14.   4.   1.   0.   8.   6.   5.   7.   0.   1.   1.   0.   1.
   0.   0.   6.  10.   6.   5.   3.   1.   2.   2.   4.   5.   0.   4.   6.
  13.   4.  10.   0.   0.   1.   7.   1.   1.   0.   0.   1.   3.   0.   9.
   1.   0.   0.   9.   0.   0.   1.   0.   0.   0.  10.   7.   2.   2.   2.
   4.   1.   1.   2.   1.   1.   4.   8.   1.   0.   1.   0.   1.  10.  12.
   0.   0.   0.   1.   0.   2.   0.   0.   0.   0.   8.   6.   4.   0.   1.
   0.   8.   0.   0.   3.   2.  10.   0.   4.   0.   0.   0.   2.   4.   1.
   0.   2.   0.   1.   2.   8.   9.  13.   2.   8.   0.   4.   3.  10.   1.
   1.   2.   0.   1.   1.   3.   2.   1.   2.   1.   2.   4.   2.   0.   1.
   0.   2.   7.   1.   2.   2.   4.   5.   6.   1.   4.   2.   1.   0.   3.
   2.   1.   0.   3.   1.   0.   1.   0.   1.   0.   1.  11.   0.   1.   0.
   0.   0.   1.   1.   1.   2.   2.   4.   0.   3.   7.   1.   1.   2.   0.
   1.   1.   0.   0.   0.  11.   0.   5.   8.   4.   3.   2.  11.   0.  13.
   1.   0.  12.   0.   8.   4.   8.   7.   1.   7.   0.   1.   0.   0.   0.
   1.  11.   1.   4.   0.   2.   2.   1.   3.  10.   7.   0.   5.  10.   0.
   5.   1.   0.   0.   2.   0.   8.   6.   5.   8.   0.   1.   1.   0.   1.
   0.   9.   0.   0.   7.  11.  11.  11.   1.   1.   1.   1.   5.   1.   0.
  13.   1.   1.   1.   0.   3.   8.   8.   2.   0.   1.   1.   0.   0.   0.
   0.   1.   9.  11.   1.][ 11.  11.   7.   9.   1.   2.   0.   1.   0.   1.   0.   2.   1.   2.   0.
   5.  12.   2.   4.  12.   5.   9.   0.   0.  10.   6.   1.   0.   0.   0.
   0.   7.   0.   3.   0.   1.   0.   1.   1.   2.   1.   1.   1.   2.  10.
   1.   2.   1.   0.   0.   0.   0.   2.   1.   0.   1.  11.   8.   7.   0.
   2.   1.   1.   0.   0.   0.   1.   2.  11.  11.   7.   7.   3.   1.   2.
   0.   2.   0.   9.   3.   4.   1.   1.   2.   0.   1.   6.   1.   0.  10.
  10.  10.   0.   6.   9.   8.  10.  10.   1.   0.   1.   5.   1.   8.  14.
   0.   0.   0.   3.   0.   8.   3.   2.   2.  11.   0.   1.   3.   3.   0.
   1.   2.   0.   8.   7.   8.   1.   8.   2.   1.  18.   7.   5.   1.   1.
   2.   0.   1.   0.   0.   0.   0.   1.   0.   3.   0.   2.   2.   8.   8.
   4.   4.  18.   0.   1.   0.   2.  10.   2.   1.   5.   0.   5.   0.   0.
   0.   2.   1.   1.   1.   6.   3.   0.   1.   5.   1.   1.   0.   1.   6.
  11.   7.   7.   7.   8.  12.   5.   4.   1.   0.  10.   0.   2.   3.   0.
   1.   0.   8.  13.   3.   1.   1.   0.   0.   0.   0.   7.   0.   2.   1.
   0.   0.   2.   2.   9.  13.   0.   1.  10.   9.   5.   5.   5.  15.   0.
   1.   0.   1.   2.   7.   6.   0.   7.  11.   5.   1.   3.   1.   0.   3.
   3.   0.   1.   2.   0.   3.   1.   2.   0.   2.   1.   1.   8.   9.   6.
  10.   1.  10.   0.   0.   0.   2.  11.   6.  13.  10.  10.   1.   1.   0.
   0.   1.   0.   2.   1.   1.   4.  10.   0.   1.   2.   1.   4.   2.   2.
   1.   2.   0.   0.   8.   7.   3.   5.   9.  10.   4.  11.   0.   1.   1.
   0.   0.   9.   5.  11.  13.   4.   2.   3.  11.   0.   0.   1.   1.   1.
   8.   6.   1.   0.   1.   1.   5.   1.   0.   0.   1.   0.   1.  16.   0.
   0.   1.   7.  10.   7.   2.   1.   1.   6.  10.   5.   9.   1.   0.   2.
   0.   1.   2.   8.   5.   0.   2.   3.   0.   3.   1.   1.   3.  11.  13.
  15.   8.   0.   1.   3.   8.   1.   0.   2.   6.   8.   8.  11.   2.   0.
   0.   2.   0.   1.   2.   1.   2.   0.   2.   8.   6.   4.   8.  13.   8.
   9.   3.   1.   1.   1.   4.   0.   2.  12.   6.   8.   6.   1.   0.   1.
   1.   2.   9.   2.   1.  11.  13.   9.   8.   5.   0.   0.   0.   1.   2.
   2.   0.   0.   2.   8.   6.   2.   3.   0.   1.   0.   2.   2.   0.   0.
   0.   1.   6.   5.   4.   0.   2.   3.   4.  10.   2.   0.   2.   1.   4.
   2.   3.   1.   2.   0.   0.   9.   1.   1.   0.   1.   1.   1.   1.   1.
   0.   3.   6.   0.   0.   1.   2.   7.   3.   0.   0.   7.   9.   6.   9.
   7.   8.   2.   3.   2.   2.   8.   0.   2.  13.  10.   7.   8.   8.   0.
   0.   3.   2.   3.   2.][  2.   5.   5.   3.   1.   0.   2.   0.   2.   1.   5.   6.   0.   1.   2.
   3.   1.   0.   2.   1.   1.   8.   8.   0.   5.   0.   9.   2.   0.   7.
   7.   8.   7.  11.   8.  11.  13.   6.   7.   3.   4.   2.   6.  12.   4.
   1.   0.   3.   0.   1.   1.   1.   2.   0.   6.   3.   2.   1.   2.   4.
  10.   1.   1.   1.   0.   0.   6.   6.  14.   1.   8.   2.   5.   8.   9.
   2.   0.   2.   2.   0.   8.   0.   0.   5.   9.  11.  14.   2.   0.   1.
   0.   4.   1.   0.   5.   1.   2.   1.   0.   0.  11.   0.   0.   4.  11.
   1.   3.   1.  10.   8.   2.   1.   8.  11.   5.   8.   4.   8.   0.   1.
  13.  10.  10.   9.   1.   1.   3.   0.   0.   0.   1.   0.   7.   9.  10.
  10.   8.   4.   1.   0.   8.   2.   1.   2.   9.  12.   1.   1.   1.   1.
   0.   8.  10.   9.   6.   9.   2.   0.   1.   0.   0.   0.   6.   3.   4.
   1.   3.   0.   0.   0.   0.   1.   1.   1.   0.   2.   1.   2.  14.   7.
   8.   1.   2.   0.   8.  11.   1.  13.  10.   5.   6.   6.   0.  11.  10.
   1.   0.   2.   2.   1.   1.   6.   0.   0.   6.   6.   3.   5.   7.   8.
   1.   2.   0.   2.   2.   3.   9.   9.   1.   0.   0.  10.   3.   0.   1.
   1.   4.   8.   6.   6.   5.   0.   0.   1.   2.   2.   0.   0.   2.   9.
   1.   0.   0.   9.   0.   0.   0.   0.   5.   7.  12.   0.   1.   3.   1.
   1.   2.   0.   1.  12.   2.   3.  11.   6.  10.   8.  10.   0.   1.   0.
   3.   9.   9.   7.   5.   4.   6.  18.   6.   0.   0.   0.   0.   3.   1.
   6.   6.   5.  11.   9.   2.   7.   1.   0.   0.   6.  11.   0.   1.   0.
   0.   0.   0.   2.   3.   1.   0.   1.   1.   2.   3.   1.   2.   0.  13.
   1.   7.  12.  16.   6.   0.  12.   6.   2.   7.   6.   9.   0.   3.  13.
   1.   3.   0.   0.   1.   1.  15.   0.   0.   1.   2.   1.   2.   0.   2.
   0.   2.   0.   2.   3.   0.   2.   1.   6.   0.   1.   2.   2.   4.   7.
  11.  11.   5.  10.   9.   0.   1.   1.   1.   6.   3.   9.   1.   6.   5.
   8.   1.   0.   1.   1.   1.   1.   0.   0.   2.   1.   0.   2.   2.   1.
   5.   3.  12.   4.   1.   1.   0.   0.  11.  17.  10.  11.   2.   0.   3.
   0.   1.  11.   1.   1.   1.   1.   0.   1.   2.   0.   1.   0.   0.   0.
   3.   8.   6.   1.   1.   0.   1.   2.   0.   1.   0.   0.   5.   1.   1.
   1.  13.   0.  10.   0.   0.   0.   1.   6.   0.   3.   1.   0.   4.   1.
   3.   1.   1.   8.   0.  11.  11.  12.  11.   1.   1.   2.   0.   2.   2.
   5.  13.   7.   7.   9.   0.   1.   8.   6.  10.   5.   5.   8.   3.   0.
   2.  14.   1.   4.   0.   2.   0.   0.   1.   2.   0.   0.   0.   1.   0.
   2.   1.   0.   1.   0.][  4.   0.   3.  11.   3.   1.   0.   2.   2.   1.   0.   0.   1.   0.   9.
   7.  10.   2.   1.   0.   1.   0.   1.   2.   0.   0.   1.   0.   0.   0.
   0.   1.   1.   1.   0.   1.   3.   0.   0.   0.   1.   1.   2.   1.   1.
   1.   3.   3.   1.   1.   0.   0.   0.   9.   6.   6.   3.   1.   0.   1.
   0.   2.   1.   0.   0.   1.   0.   1.   8.   1.   3.   1.   2.   1.   0.
   2.  12.   9.   1.   1.   3.   1.   0.   0.   1.   6.   1.   0.   2.   2.
   1.   5.   5.   2.  10.  10.  11.   2.   7.   1.   0.   0.   1.   2.   1.
  10.  13.   6.   2.   2.   1.   0.   0.   1.   1.   3.   2.   1.   2.   1.
   1.   3.   1.   2.   2.   0.   1.   3.  14.   9.   9.   0.   5.   9.   0.
   9.   0.   1.   0.   2.   0.   1.   1.   7.   1.   1.   5.   5.   5.   6.
  10.   1.   1.   2.   2.   2.   2.   0.   1.   0.   1.   6.  12.  14.   8.
   1.   1.   2.   2.   0.   3.   0.   2.   1.   2.   0.   1.   6.   8.  11.
   3.   0.   0.   1.   0.   3.  10.   6.   0.   0.   9.  10.   8.   7.   4.
   0.  10.   5.  10.   0.   0.   1.   0.   1.   8.   1.   2.   5.   0.   0.
  11.   1.   8.   7.   6.   4.  10.   9.   0.   1.   2.   0.   0.   0.   1.
   1.   1.   1.  12.   0.   1.   1.   1.   0.   2.   0.   1.   8.  11.   7.
   9.   8.   1.   6.  12.   9.   7.   7.   4.  10.  10.   2.   1.   0.   1.
   2.   1.   0.   4.   1.   5.   7.   2.   8.   5.   1.   1.   8.  10.   9.
   0.   0.   1.   9.   9.   0.   1.   5.   1.  12.   0.   0.   0.   7.   8.
   1.   1.   4.   2.   2.   2.   0.   4.   2.   1.   2.   0.   0.   0.   8.
  11.   7.   3.   9.   7.   6.   3.   7.   1.   2.   0.   1.   2.   1.   0.
   1.   6.   3.   6.   8.   6.   9.   7.   9.   9.   1.   1.   2.   0.   1.
   0.   4.   1.   2.   1.   2.   0.   0.   1.   2.  11.   7.  13.   1.   2.
   0.   3.   1.   0.  12.   0.  10.   1.   4.   1.   0.   0.   0.   1.   0.
   9.   1.   2.   1.   5.   0.   1.   3.   2.   1.   0.   0.   1.   0.   1.
   1.   0.   0.   1.   1.   0.   0.   3.  13.   6.   1.   2.   0.   3.   0.
   2.   1.   1.   0.   5.   4.   7.   7.   0.   1.   1.  10.   3.   2.   0.
   0.   1.  10.   9.   7.  11.   8.   0.   0.   4.   1.   3.   4.   8.  12.
   9.   2.   0.   2.   1.   1.   1.   1.   0.   0.   3.   1.   1.   2.   3.
   2.   2.   1.   3.   6.  11.   2.   9.   0.   1.   3.   0.   0.   0.   1.
   1.   0.   2.   5.   8.   2.   2.   3.   1.   0.   1.   1.   2.   1.   1.
   6.   9.   1.   3.   0.  10.   8.  11.   7.  11.   0.   1.   0.   0.   0.
   0.   0.   1.   1.   0.   3.   2.   1.   1.   6.   0.   8.   9.   1.   9.
   0.   1.   1.   1.   2.][  0.   1.   1.   2.   6.   5.   1.   1.   1.   0.   1.   2.   1.   2.   0.
   0.   2.  13.   7.   0.   0.   0.   1.   0.   1.   2.   2.   2.   2.   1.
   1.  12.   8.   5.   2.   0.   0.   0.   2.   8.   1.   1.   3.   1.   0.
   1.   0.   1.   0.   8.   1.   3.   1.   1.   1.   8.   2.   1.  10.   5.
   0.   0.   0.   6.   0.   1.   2.   0.   1.   1.  13.   0.   1.   1.   1.
   1.   1.   5.   9.   1.   0.  11.   2.   3.   2.   0.   1.   0.   1.   2.
  12.   5.  12.   9.  12.   8.   1.   0.   0.   1.   7.  12.  12.   8.  14.
   8.   5.   8.   0.   0.   2.   1.   0.   0.   1.   1.   4.   2.   0.   0.
  10.  12.  11.  11.   2.   0.   1.   8.  10.  10.  10.   7.   1.   1.   1.
   0.   2.   1.   0.   7.   0.   2.   0.  12.   0.   1.   1.   1.   1.   8.
  10.  11.   9.   8.   4.   1.   1.   2.   6.   0.   1.   0.   0.   5.   7.
   1.   9.  12.  14.   6.  10.   6.   6.   1.   1.   0.   1.   1.  15.  10.
   1.   2.   0.   1.   2.   0.   0.   0.   2.   0.   0.   0.   0.   2.   2.
   1.   1.   1.   1.   1.   0.   2.   1.   1.   3.   6.   2.   1.   7.   7.
   2.  10.   0.  15.   8.   9.  11.   5.  11.   2.   1.   0.   1.   1.   0.
   0.   9.   2.   6.   5.   8.   4.  14.   0.   1.   0.   2.   1.   2.   1.
  10.   1.   1.   0.   4.   0.   1.   2.   2.   1.   1.   1.   3.   1.   1.
   0.   1.   0.   0.   2.   2.   8.  11.   5.   9.   1.   1.   0.   1.   1.
   0.   1.   4.  14.   8.   0.   1.   6.   6.   0.   1.   3.   1.   1.   0.
   1.   0.   0.   9.   9.   7.  12.  10.   5.   7.   8.   3.   1.   0.   2.
   1.   1.   2.  11.   7.   1.   1.   1.   0.   3.  10.   3.   7.   0.   0.
   0.   3.   1.   0.   1.  13.   2.   1.   0.   2.   1.   0.   2.   1.   1.
  11.   8.   6.   0.   5.   5.   6.   1.   1.   2.  11.   8.   7.   7.   4.
   2.   0.   0.   1.   2.  10.   5.   0.   0.   1.   0.   0.   0.   4.   2.
   5.  12.   5.   1.   0.   1.   0.   0.   0.   1.   0.   0.   2.   2.   2.
   1.  13.  11.   7.   8.   0.   1.   1.  11.   1.   3.  13.   1.   2.   0.
   1.   1.   0.   1.   2.   3.  11.   8.   6.   0.   0.  13.   8.  12.   0.
   0.   1.   1.   9.   5.   8.   9.   0.   1.   0.   0.   1.   1.   3.   7.
   0.   3.   9.   5.   0.   1.   3.   0.   1.   5.   2.   1.   1.   2.   5.
   1.   0.   2.   2.   1.   6.   0.   2.  11.   0.  10.   0.   1.   2.   0.
   2.   7.   0.   2.  11.   7.   1.   0.   1.   1.   7.   8.   0.   0.   5.
   3.   2.   0.   2.   6.   2.   0.   0.   0.   1.   0.   2.  10.   0.   1.
   1.   1.   0.   0.   0.   0.  11.  13.  11.   2.   3.   2.   1.   2.   1.
   0.   1.   5.   1.   0.][  1.   2.   5.   0.   6.  14.   0.   2.   1.   1.   2.   0.   1.   0.   2.
   1.   2.   6.  10.   1.   2.   0.   0.   1.   4.   2.   9.   5.   0.   0.
   3.   2.   0.   1.   6.  11.   6.   1.   1.   2.   6.   1.   2.   1.   1.
   3.   1.   0.   4.   5.  10.   0.   5.  12.   6.   2.   1.   2.   6.   7.
   1.  11.  11.   1.   1.   0.   2.   5.   1.   2.   1.   0.   0.   1.   2.
   6.   8.   0.   2.   1.   1.   1.   1.   1.   0.  11.   7.   0.   9.   2.
   2.   1.   0.   2.   1.  12.   3.   0.   2.   0.   1.   1.   2.   1.  10.
   8.   0.   1.   2.   3.   0.   2.  10.  12.   9.   5.   4.  12.   2.   0.
   0.   1.   0.   2.   3.   1.  10.   8.   1.   9.   8.   2.   8.   9.   1.
   3.  14.   7.   0.   0.   0.   0.   1.   1.   2.   4.   3.   2.   5.  12.
   0.   0.   2.   1.   0.   3.   1.   0.   0.  16.   2.   0.   0.   0.   0.
   1.   0.   1.   6.   8.   1.   1.   1.   5.   7.   0.   1.   0.   2.   0.
   2.   1.   2.   1.   1.   1.   0.   1.  10.  11.   5.   0.   1.   2.   1.
   7.   7.  11.   8.   5.   3.   8.   1.   1.   0.   2.   0.   0.   0.   7.
   7.   0.   1.   7.   0.   1.   0.   4.   2.   0.   2.   1.   7.   8.   4.
   1.   2.   2.   1.   1.   0.   6.   0.   1.   5.   9.  13.  10.   8.   8.
   9.   9.   1.   0.   1.   1.   1.   0.   1.   1.   1.   0.   1.   0.   0.
   1.  10.   2.   1.   1.   1.  10.   1.   0.  11.   9.  10.  10.   0.   1.
   9.   7.   1.   1.   2.   1.   2.   1.   0.   1.   2.   1.   0.   1.   1.
   7.   0.   0.   1.   0.   0.   2.   0.   0.   6.   1.   1.   8.   1.   1.
   6.   8.   7.   8.   8.   6.   6.   0.   1.   0.   2.   1.   0.   7.   3.
  11.   1.   6.   8.   2.   4.   0.  11.   8.   8.   0.   0.   0.   1.   7.
   8.   7.   0.   0.   2.   0.   7.   6.   8.   2.  10.  11.  11.  14.   5.
  10.   8.   9.   5.   5.   1.   0.  10.   6.   2.   2.   2.   5.   1.   0.
   0.   8.   7.   0.   1.   7.   5.   1.   1.   0.   1.   2.   8.   5.   9.
   1.   0.  12.  10.   1.   0.   7.   5.   0.   1.   0.   0.   2.  10.   4.
  10.   8.   1.   9.   1.   7.   4.  12.   0.   3.   1.   4.   1.   0.   4.
   1.   0.   3.  11.   9.   4.  10.  15.   0.  11.  10.   1.   2.   1.   5.
   1.   1.   0.   0.   1.   3.   0.   0.   0.   8.   0.   4.   4.   0.   5.
  10.  10.   1.   2.   8.   8.   3.   1.   8.   9.   7.   1.   0.   0.   1.
   3.   2.   1.   2.   2.   2.   1.   0.   2.   1.   8.   3.   2.   1.  10.
  10.   1.   1.   3.   7.  15.  11.   8.   7.   9.   8.  12.   5.   5.   8.
   1.   0.   2.   1.   1.   0.   0.   9.   8.   1.   2.   0.   2.   0.   1.
   1.   1.   1.   0.   0.][  1.   2.   2.   1.   3.   0.   2.   2.   1.   9.   0.   2.   1.   0.   1.
   4.   1.   2.   4.   8.   6.   1.   2.   3.   6.   1.   6.   9.   8.   3.
   2.   6.   8.   0.   2.   0.   1.   0.   0.   4.   8.   6.   8.   1.   7.
   7.  11.   1.   0.  14.  10.   3.   0.   1.   1.   1.   1.   1.   7.   8.
   0.   0.   2.   4.   1.   0.   1.   0.   1.   0.   9.   5.  13.   3.   1.
   1.   2.   9.   7.   9.   2.  11.  10.   0.   1.   2.   1.   9.  10.   2.
   7.  12.   3.   7.  11.   5.   1.   2.   2.   0.   0.   0.   8.   1.   0.
   6.   8.  11.   0.   1.   2.   0.   0.   1.   3.   0.   3.   7.   3.   0.
  10.   9.   9.   0.   1.   0.   0.   9.   1.   0.   1.   1.   0.   3.   0.
   9.   8.   1.   1.   0.   1.   1.   9.   7.   0.   1.   1.  11.   9.   6.
  10.   4.   8.   9.   0.   2.   0.   0.   0.   8.   5.   3.   1.   0.   2.
   1.   8.   8.   7.   1.  10.   6.   0.   2.   7.   8.   8.   6.   9.  11.
   1.   3.   0.   2.   1.   2.  12.   8.  11.   1.   0.   2.   0.   2.   1.
   0.   0.   8.   1.   1.   8.  10.   1.   1.   1.   3.   1.   1.   2.   7.
   3.   1.   8.   7.   5.   1.   6.   1.   1.   1.   2.   2.   0.   3.   1.
   0.   1.   1.   2.   1.   6.   2.   0.   2.   1.   0.   0.  13.   7.   0.
   3.   0.   1.   1.   4.   0.   0.   1.   2.   0.   1.   1.   7.   2.   1.
   1.   6.   8.   5.   7.   6.   0.   0.   0.   1.   0.   0.   0.   0.   0.
   1.  11.   0.   2.   2.   1.   1.   3.   0.   0.   0.   8.  12.   1.   2.
   1.   1.   2.   0.   0.   0.   0.   0.   2.  11.   6.   0.   6.   9.   0.
   7.   8.   8.  11.   0.   2.   0.   2.   0.   1.   2.  12.   0.   1.   1.
   0.   2.   0.   3.   1.   8.  12.   1.   5.   0.   0.   0.   6.  10.  10.
   6.   2.   0.   0.   1.   0.   0.   4.   5.  10.   5.   2.   1.   1.   1.
   3.   0.   6.   2.  12.  11.   1.   2.   0.   1.   0.   9.   5.  12.   7.
   0.   0.   3.   1.   0.   0.   0.   3.   1.   8.   1.   1.   7.   7.   2.
   6.  15.   2.   1.   8.   9.   0.   0.   4.   0.   1.   1.   0.  11.   9.
   6.   1.   1.   2.   2.  12.   9.   1.   5.  12.   0.   0.   1.   4.   1.
   1.  13.   0.   2.   0.   1.   0.   2.   0.   1.   1.   1.   0.   0.   0.
   0.   1.   0.   0.   2.   2.   1.   1.   0.   7.  16.   1.   1.   0.   1.
   3.   0.   1.   3.   0.   1.   1.  12.   2.   7.  12.  12.   6.   1.   0.
   0.   0.   1.  14.   0.   0.   6.   0.   2.   1.   1.   1.   0.   0.   2.
   1.   0.   2.   1.   0.   1.   1.   1.   9.   1.   3.  12.  12.   7.   1.
   2.   1.   2.   1.   1.   7.   4.   6.   2.   1.   1.   3.   0.   4.  12.
  13.   0.   0.   0.   0.][ 11.   2.   1.   1.   7.   9.   7.   1.   0.   1.   1.   6.   9.   0.   1.
   5.   2.   2.   0.   2.   7.  10.   1.   0.  10.   9.   5.   4.   7.   8.
   3.   8.   7.   7.   0.   0.   7.  12.   0.   3.   0.   1.   7.  12.   0.
   0.   1.   1.   0.   0.   2.   2.   7.   0.   2.   1.   9.   5.   8.   2.
   5.  11.   0.   0.  15.   4.   2.   0.   2.   6.   9.  11.   0.   0.   0.
   0.   0.   5.   6.   9.   3.   0.   1.   0.   1.   4.   7.   0.   7.   7.
  13.   0.  11.   2.   1.   2.   1.   8.   7.  10.   9.   1.   1.   0.  10.
   3.   8.   2.   5.   5.   4.   0.   2.   7.   2.   9.   1.   0.   2.   1.
   2.   0.   6.   8.   2.   1.   2.   0.   5.   2.   0.   1.   0.   1.   1.
   5.   2.   7.   2.  10.   8.   0.   1.   2.   1.   0.   0.   1.   2.   0.
   1.   0.   1.   2.   3.   1.   0.   9.  10.   8.   0.   0.   8.   8.   9.
   7.   2.   0.   6.   4.   3.   2.   2.   0.   1.   1.   1.   5.   6.   8.
   4.   0.   6.   1.   0.   9.   0.   0.   1.   2.  12.   7.   8.   9.   1.
   1.   0.   2.   4.   8.   1.   1.   9.  12.  10.   4.   1.   1.   1.   0.
   4.   0.   2.   0.  13.  13.  10.   8.   0.   2.   0.   9.   5.   9.   6.
   2.   1.   7.  13.   3.   0.   0.   1.   1.   0.   9.   5.   8.   8.   3.
   0.   3.   0.  10.  11.  14.   0.   0.   4.   9.   7.   3.   5.   7.  11.
   1.   3.   7.   7.   1.   2.  10.   2.  11.   0.   0.   2.   2.   0.  13.
   7.   0.   9.   7.   9.   1.   2.   5.   7.  12.   5.   9.  15.  12.   1.
   4.   1.   1.   0.   7.   4.   7.   1.   0.   0.   1.   9.   2.   1.   7.
  11.   9.   8.   1.   5.   6.   8.  10.   2.   3.   2.   1.   0.   2.   6.
   7.  10.   8.   6.   2.   1.   1.   2.   1.   1.   1.   1.   1.   1.   0.
   1.   0.   1.   2.   6.   0.   0.   3.   3.   0.   0.   1.   0.   1.   8.
   0.   1.   7.   9.   6.   6.   4.   4.   5.   0.   0.   0.   2.   1.   0.
   0.   1.   0.   1.   8.   1.   1.   0.   1.   2.   0.   3.   1.   2.   5.
   1.   7.   2.   1.   1.   0.   2.   0.   1.   2.   6.   6.   5.   6.   1.
   0.   0.   4.  10.  11.   1.   2.   0.   2.   1.   2.  10.  11.   9.   1.
  20.   0.   1.   0.   2.   4.   2.   1.   5.   0.   6.  13.  10.   4.   1.
   1.   1.   1.   1.   0.   2.   2.   9.   0.   0.   1.   1.   1.   1.   2.
   0.   1.   2.   0.  15.   9.   9.   9.  10.   6.   1.   2.   5.   7.   6.
   1.   0.  10.  10.   3.   1.   8.   2.   3.   1.   1.   2.   4.   2.   0.
   0.   1.   1.   2.   6.  15.   1.   1.   0.   1.   1.   5.   0.   8.   1.
   1.   2.   1.   0.   2.   2.   1.   0.   5.  10.  10.   9.   1.  10.   8.
   1.   1.   0.   7.   5.][  0.   0.   0.   2.   0.   5.   9.   0.   0.   6.   7.   1.   8.   0.   2.
   1.   0.   1.   0.   0.   0.   4.   0.   0.   0.   0.  10.   0.   1.  15.
  12.   7.   2.  12.   6.   8.   2.   0.   1.   1.   4.   5.   9.   9.   7.
   5.  10.  11.   0.   0.   5.   7.   8.   8.   6.  10.   1.   1.   2.   0.
   1.   1.   8.   0.   0.   1.   1.   1.   1.   8.   7.   0.   0.   3.   2.
   1.   5.   7.   6.   1.   1.  12.   1.   0.   2.   3.   3.   4.   2.   1.
  11.   9.  10.  10.   1.   2.   9.  12.   8.  11.   7.   5.   1.   1.   1.
   1.   7.  11.   0.   4.   9.   1.   4.   4.  13.   5.   9.  11.   6.   0.
   9.   1.   2.   4.   1.   1.   4.   1.  11.   2.   3.  11.  13.   8.  10.
   1.   1.   4.   1.   0.   1.   0.   2.   1.   0.   1.   8.   1.   0.   5.
   6.   9.   1.   8.   7.   2.   5.   1.   3.  16.  12.   1.   6.   6.   7.
   7.   4.  11.   1.   1.   2.   6.   9.   1.   6.   3.   1.   1.   1.   0.
   2.   1.   5.   7.   6.  10.   6.   4.   2.   1.   0.   1.   1.   2.   0.
   1.   0.   0.   3.   1.  13.   0.   0.   0.   0.   0.   1.   2.   1.   0.
   1.   1.   0.   5.   7.  14.  12.   6.  10.   0.   0.   1.   2.   6.   9.
  10.  12.   2.   0.   2.   1.   3.   0.   0.   0.   1.   1.   1.   0.   1.
   0.   1.  11.   3.   0.   3.   2.   2.   0.   1.   2.   0.   1.   1.   2.
   1.   0.   9.   0.   2.   2.   1.   0.   2.   5.  12.   2.   2.   0.   0.
   4.   1.   1.   2.   9.   8.   0.   2.   0.   1.   1.   0.   0.   0.   1.
   0.   0.   1.   0.   0.   4.   6.   0.   1.   1.   2.   0.   5.   0.   8.
   9.   6.  10.   8.   2.   0.   6.  10.   2.  10.   7.   6.   1.   1.   2.
  14.  12.   0.   2.   0.   3.   3.   4.   8.   3.   2.   1.   1.   0.   0.
   1.   0.   2.   2.   2.   6.   2.   1.   1.   6.   2.   2.   0.   0.   0.
   1.   3.   2.   3.   0.   0.   0.   1.   3.   0.   0.   0.   1.   1.   0.
   7.  13.   1.   1.   1.  11.   1.   1.   0.   1.   0.   8.   1.   1.   1.
   8.   3.   5.   2.   2.   1.   2.   0.   2.   0.   1.   9.   3.   1.   1.
   1.   0.   0.   2.   1.   2.   6.   0.   0.   1.   6.   0.   0.   0.   8.
   0.   1.   5.   0.   7.  11.   1.   1.   1.   2.  13.   7.   8.   5.   9.
  17.   8.   1.   2.   1.   5.   0.   0.   0.   8.   5.  14.   3.  16.   9.
   5.  11.   5.   0.   0.   0.   0.   0.   1.   1.   0.   2.   1.   7.   8.
   0.   2.   3.   1.   1.   3.   1.   0.   2.   0.   0.   2.   1.   3.   7.
   3.   4.   6.   2.   2.   1.   3.   6.   1.   0.   7.   0.   0.   0.   0.
   7.  11.   6.   1.   7.   2.   8.  10.  12.   9.   3.   8.  11.  11.  10.
   8.  13.   0.   1.   0.][  9.   1.   1.   0.   1.   0.   0.   0.   0.   1.   1.   0.   2.   1.   2.
   0.   1.   1.   3.   2.   1.   2.   1.   0.   1.   0.   2.   0.   0.   0.
   0.  11.   0.   0.   0.   1.   1.  12.   0.   1.   2.   1.   9.   0.   1.
   1.  10.   0.   2.   1.   1.   0.   0.   1.   8.   7.   9.  10.   8.   8.
  12.   3.   0.  13.   0.   7.  13.   5.   7.   7.   1.   5.   3.   1.   1.
   0.   1.   1.   6.   6.   0.   0.   6.   7.   3.   1.   0.   0.   5.   6.
   4.   3.   8.  12.   7.  10.   6.   6.   7.  10.  12.   0.   4.   0.   4.
   0.   1.   0.   2.   2.   1.   0.   4.   7.   1.   1.   0.   0.   1.   2.
   1.   2.   1.   0.   0.   0.   1.   0.   0.   1.   0.   0.   1.   0.   2.
   2.   5.   0.   4.   0.   0.   0.   9.   0.   0.   1.   2.   1.   0.   0.
   2.   1.   1.   0.   1.   2.   1.   2.   0.   1.   1.   0.   0.   2.   1.
   2.   1.   0.   5.  13.   1.   1.   5.   6.   6.  11.   2.   6.   0.  11.
  11.   8.   7.   9.   5.  15.   8.  10.   5.  15.   1.   1.   0.   2.   1.
   0.   2.  10.   1.   0.   0.   2.   1.   1.   2.   2.   1.   0.   8.   1.
   7.  11.   2.   0.   1.   1.   8.   6.   3.   9.   8.   7.   7.   7.  10.
   8.   7.   3.   1.   2.   0.   0.   0.   3.   8.   2.   0.   1.   2.   1.
   1.   1.   0.   5.   7.   8.  10.  10.  14.   2.  11.   0.  12.   3.   6.
   1.   0.   1.   4.   5.  10.   9.   7.   2.   1.   9.   0.   1.   9.   2.
   0.   1.   2.   3.   2.   1.   0.   1.   0.   1.   2.   0.   0.   1.   0.
   2.   3.   1.   1.   1.   1.   1.   0.   4.   9.   2.   1.   1.   1.   1.
   0.   0.   3.   0.   0.   1.   0.   1.  10.   1.   1.   1.   1.   0.   5.
   1.   1.   6.   2.   0.  10.   1.   4.   5.   5.  11.   6.  12.   4.   7.
   1.   1.   0.   5.   4.  10.   7.   8.   5.   0.   1.   1.   0.   2.   1.
   2.   9.  11.   7.   4.   5.   0.   0.   7.   7.   5.   9.   7.  18.   0.
   1.   0.   1.   0.   0.   1.   1.   2.   1.   2.   1.   1.   1.   3.   0.
   0.   1.   0.   2.   1.   0.   0.   3.   2.   0.   0.   0.  11.  10.   6.
   8.   0.   1.   1.   0.   2.   3.   1.   2.   1.   1.   8.   5.   0.   1.
   1.   0.   1.   3.   2.   1.   3.   0.   8.  11.   1.   0.   1.   1.   9.
  10.   8.   0.   1.   0.   0.   0.  10.   0.   1.   8.   0.   1.   1.   0.
   1.  10.  10.   1.   0.   2.   2.  10.   3.   0.   3.   2.   8.   9.   3.
   9.   3.   1.   1.   0.   2.   0.   1.   2.   1.   0.   1.   4.  11.   0.
  11.  15.   4.   1.   7.   1.   5.   4.   0.   0.   6.   1.   0.   2.   0.
   1.   0.   2.   1.   2.   6.   6.   3.  14.   4.  12.   6.   4.   3.   8.
   3.   7.   5.   2.   4.]

T=5000  max_len=4
{'log_pr_thresh': 0.01, 'start_params': None, 'start': 'k-means', 'type_emission': 'Poisson', 'th_prune': 0.007, 'max_log_p_diff': 1.5}
16 ['0000', '0001', '0010', '0011', '0100', '0101', '0110', '0111', '1000', '1001', '1010', '1011', '1100', '1101', '1110', '1111']
c_p: [ 0.343  0.084  0.041  0.065  0.041  0.009  0.032  0.05   0.083  0.022
  0.009  0.017  0.065  0.017  0.049  0.074]
a: [[ 0.8   0.83  0.76  0.81  0.84  0.72  0.76  0.81  0.41  0.29  0.35  0.36
   0.4   0.36  0.4   0.4 ]
 [ 0.2   0.17  0.24  0.19  0.16  0.28  0.24  0.19  0.59  0.71  0.65  0.64
   0.6   0.64  0.6   0.6 ]]
$\lambda$ = [ 1.  8.]
log_p: -10922.854503793931
aic: 21913.709007587862
hmm_aic: 21911.709007587862

2 ['0', '1']
c_p: [ 0.663  0.337]
a: [[ 0.8   0.39]
 [ 0.2   0.61]]
$\lambda$ = [ 1.  8.]
log_p: -10928.164013049181
aic: 21868.328026098363


lgprob:
vlhmm = -10928.164013049181,  hmm = -10928.153148190575   diff= -0.010864858606510097
params: vlhmm=6 hmm=5
aic:
vlhmm = 21868.328026098363,  hmm = 21866.30629638115   diff= 2.02172971721302
fdr, fndr: (0.025897735493221895, 0.021270455664829817)

fitting time: 1.108219861984253


hmm2:
2 ['0', '1']
c_p: [ 0.663  0.337]
a: [[ 0.8   0.39]
 [ 0.2   0.61]]
$\lambda$ = [ 1.  8.]
log_p: -10928.163348051814
aic: 21868.326696103628
hmm_aic: 21866.326696103628

log_p -10928.163348051814,  aic 21868.326696103628

log_p [-10928.164013049181, -10922.854503793931, -10928.163348051814]
aic [21868.328026098363, 21911.709007587862, 21866.326696103628]

