T=5000
start=k-means
max_len=4
th_prune=0.007
log_pr_thresh=0.01
arr_T=[500, 500, 500, 500, 500, 500, 500, 500, 500, 500]
[  9.   0.  15.  15.   1.   9.   1.   1.   1.   4.   3.   1.   2.   3.  10.
   1.  14.   1.  10.  13.  13.  13.   8.   1.   9.  13.  10.   2.   0.   4.
   2.   2.   8.   9.   7.   2.   6.   3.   1.  10.   0.   7.  10.   3.  14.
   2.   3.  10.  11.   2.   4.   2.   9.   1.   4.   9.   1.  10.   3.   3.
  13.   1.   9.   2.   9.  11.  10.   8.  13.  18.   1.  12.   7.  15.   8.
   2.  14.   9.  10.   0.   1.  10.  11.   1.   0.   0.   9.   1.   3.   2.
   2.  10.   1.  10.   0.   7.  11.  10.  11.   4.  10.   8.   8.   3.   7.
  13.   1.   8.  15.   6.   2.   1.  11.  12.  10.  13.  12.  10.   2.  12.
   9.   2.  10.  10.   5.   9.   4.   3.   9.  11.   6.   7.  12.  10.   9.
   2.  11.   4.  13.   0.   2.   4.   9.   9.   9.   1.   7.  18.   7.   2.
   2.   6.  12.   2.  11.  11.  13.   1.  14.  10.   3.   1.   3.  12.   0.
   8.  12.  18.   9.  11.  10.  14.   3.   7.   8.   1.  12.   1.   1.   9.
   2.   0.   1.  15.   2.  13.   7.   4.  10.  11.  14.  15.   0.   2.  15.
   5.   4.   9.   8.   1.   1.   6.  10.   4.  13.   1.  13.   0.   8.  12.
   4.   2.   4.  10.   4.  17.   6.  13.  13.   2.   5.  14.   4.   1.  10.
  12.  18.   2.   1.   3.  10.   8.  10.   6.   3.   0.   1.   2.   6.  10.
  11.   9.  14.   3.   1.   7.   2.   1.   0.  15.  11.   9.   3.   5.   6.
   3.   4.   4.   3.  11.   8.  11.  19.   7.   1.  12.   3.   3.  10.   1.
  14.  13.   4.   5.  13.   0.  14.   5.  10.  12.  10.  14.  15.   6.   3.
   5.   2.   8.   0.   8.   9.  11.  14.   0.   2.   9.   6.   1.  15.  11.
   8.   9.  11.   7.   3.  11.  15.  12.   4.   8.   8.  11.   2.   1.   9.
  13.   9.   2.  13.   2.  13.  19.   3.   4.  10.   5.  10.   0.   7.  14.
   8.  10.   9.   1.  13.  12.   1.   2.   1.   9.   9.  12.  11.  11.   1.
  12.  12.   4.   6.   0.   4.  13.   9.  11.  12.   1.   9.   4.   7.  15.
   6.  10.  13.   8.   3.  11.   9.   9.  10.  10.   6.   4.   2.   3.  10.
   2.  12.  11.   8.   3.   9.  19.  12.  14.  11.   9.  10.  13.   9.  11.
   5.   4.   4.   9.  17.  12.   7.   2.  10.  10.  13.   9.   0.  14.   6.
   1.   7.  14.  15.   8.   3.   7.   7.   8.   9.   1.   5.   4.  10.  12.
  14.   0.   9.   9.   9.   6.   4.   2.   7.  15.   4.  13.  13.  13.   9.
  11.  10.   7.   9.   5.   1.   0.   3.  10.   7.  10.   4.   7.   8.  14.
   4.   3.  14.  12.  11.   4.   1.  11.   3.   3.  10.   1.   8.   0.   3.
   7.  11.   9.  13.  10.   2.   4.   6.  11.  10.   9.   1.   4.  18.   3.
   8.   7.   3.  10.   9.   2.   7.   9.   3.   1.   8.   2.   1.  12.   3.
  13.   8.  12.  11.   2.][  9.   6.   3.   9.  12.   8.   3.   0.   0.   9.   1.  13.  13.  10.   7.
   1.  14.   2.  19.   4.  10.  14.   3.  13.   0.  11.   1.  11.   8.  21.
  11.  17.   1.   3.   2.  11.  10.  12.  13.   2.   2.   7.   2.  10.   7.
  12.   1.   2.   7.   0.   1.  18.   5.   2.   4.  11.   1.   6.   3.  12.
   2.   2.  10.   2.   9.  11.   5.   1.   3.   1.  13.  10.   8.   4.   3.
   0.  12.   6.   5.   4.  14.   9.   1.   2.  14.   0.   9.   1.  11.   6.
  12.  12.   1.  11.   0.  10.   1.   1.   7.   8.   2.  12.  14.   0.   2.
   3.   1.   3.   1.   2.  10.   1.  11.  13.  11.  11.   7.   3.   0.  15.
   2.   5.   7.   1.  10.   2.  10.  12.  13.   1.   0.  15.  11.   2.   2.
   9.   2.   1.   8.  13.  12.  11.   7.   1.   7.  11.   5.   0.  14.  24.
   0.  11.  18.  12.   2.   9.  17.   4.   1.   2.   5.   2.   2.  16.   0.
  10.  10.   9.   2.   0.   0.  16.   1.  11.   7.  17.   4.  15.   3.   1.
   2.   1.  14.  14.   9.   2.   0.   4.   9.  13.   8.   0.  11.  10.  12.
   2.   4.   5.  14.  12.  12.  14.  12.   7.   7.   3.  14.  10.  11.   9.
   4.   9.   6.  11.   3.   1.   5.  11.  10.  13.   1.  13.   7.   1.   0.
  12.  16.  18.   4.  12.  11.   4.   5.  10.   4.   4.   5.   7.   2.  13.
   1.  10.   6.   0.   8.   2.   2.   4.   7.   3.   6.   2.  10.  14.   0.
   4.   2.   8.   8.  13.   3.   7.  10.   9.  20.   5.   3.   2.   7.   7.
   2.   5.   3.   1.   3.   2.   7.   2.  13.   5.  10.   6.   7.   2.   1.
   3.   7.   8.  13.   9.   3.   5.  10.   1.   1.   8.  11.   8.   2.   4.
  11.   7.   0.  10.   0.  14.   3.   1.  13.   5.   2.   8.  16.   7.   1.
  13.  10.   1.   1.   9.   1.   5.   3.   7.  15.  12.  10.   3.   7.   6.
  11.   1.   2.   0.   1.  19.  17.   7.   6.  13.  17.  11.   7.  14.  14.
  11.  11.   1.   3.   7.   1.   9.  11.  16.   1.   7.   7.   7.   9.   2.
   1.   3.   2.   4.   3.   9.   6.   8.   5.  11.  12.  11.   2.   9.  14.
  11.  14.  10.  11.   4.  13.   2.  18.   7.   9.  10.   1.   2.  14.   1.
  13.  13.  18.   1.  10.  13.   1.  15.   7.   1.   0.  12.   8.   1.   2.
   7.  11.   1.  12.   9.   2.   1.   5.   2.  11.   2.   9.   1.  10.  11.
  10.  12.   8.  11.  10.   9.   7.  15.  15.  12.   2.   3.  11.   4.   3.
   2.   2.  17.   6.  15.   2.   6.   8.  10.   8.   6.  15.  14.   5.   5.
   4.  13.   2.  10.   8.   1.   3.  12.   8.  17.   0.   1.   7.  12.   8.
   9.   9.   5.   2.   6.   2.   4.   4.   7.   1.  14.   6.   1.   9.   1.
   6.   8.   9.   0.  12.  14.   7.  11.   5.  15.   9.   9.   6.   1.   2.
  10.   1.  11.  10.   1.][  3.  12.   2.  11.   2.  12.  13.  16.  13.   9.  10.   8.   1.   4.   3.
   2.  11.   8.   6.   9.   3.  16.   9.  11.   9.   8.   9.   6.  16.  11.
   1.  11.   0.  13.   9.  18.   5.  10.   3.   3.   2.   0.  11.   7.  11.
   1.   0.   3.   3.   0.   2.  12.   0.  20.  15.   5.   3.  12.  11.  10.
  13.   1.   6.   8.   6.  18.   6.   2.   5.   0.  10.   0.   8.  11.   9.
   9.  15.  10.   8.   4.  13.   9.   7.  10.   2.   1.   1.   1.   2.   0.
   8.  16.   7.   1.   1.   3.   7.   0.   0.   7.   1.   5.   2.   9.   1.
  11.  15.   2.  10.  14.  12.  14.  11.  11.   2.  11.  11.   1.   7.   0.
   9.  10.   6.   8.   0.   7.   1.  11.  18.  10.  15.  13.   1.   0.  15.
   0.   9.   2.  16.   7.   5.  12.   3.  14.   9.   4.  10.   9.   7.  13.
   1.   0.  11.   5.   1.   2.   3.  17.   2.  10.   8.   3.   1.   6.   2.
  14.   3.  11.   1.  16.   1.   7.   3.   8.  13.   8.  10.   2.  11.  11.
  10.   4.   2.   4.   8.   2.  13.   0.  17.   8.   6.   0.   4.   7.   2.
  10.   2.  12.   2.   4.  11.   7.  14.   1.   5.   1.   2.   1.  13.   2.
   1.  14.   8.   2.  10.   2.   4.   7.  11.   9.  10.   1.  10.   7.  12.
  11.   3.   2.  13.   2.   8.  10.  11.  15.  14.   8.   4.   6.   8.   9.
   6.   9.  12.   0.   2.  12.   1.   9.  11.   2.   9.   0.   6.   7.   8.
   1.   7.  13.   6.   2.  14.   8.   2.   7.   1.   3.   1.   8.   8.   1.
   4.   1.   8.   8.  15.  10.   8.   3.  12.   8.   3.   9.   1.   1.   9.
  12.  14.   8.   5.   1.  16.  10.   9.   2.   2.   1.   6.   9.  15.   9.
  11.   2.  12.   7.  10.   4.   2.   1.   6.   3.   4.   0.   8.   1.   2.
  12.   3.  17.   7.   7.   0.   2.  12.   4.   1.   3.  11.   5.   4.   8.
   7.   1.   8.  14.  11.   7.  11.   1.   4.   0.   4.   7.   5.   1.   9.
   3.   2.  11.   5.   4.  16.  10.   1.  12.   6.   5.  13.   9.   9.   9.
  14.   8.   3.   1.   1.   1.   1.  18.   9.   3.   6.  11.   8.   4.   1.
   5.   8.   2.   8.   0.   8.   2.   7.   7.   1.   2.   5.   7.  11.   1.
  13.  11.   4.  12.   5.   0.   7.   5.   3.  10.   2.  12.   8.  13.   7.
  11.  16.   3.  12.   5.   1.   7.   6.   8.   2.   8.   1.   2.   1.   3.
  11.   9.   3.  12.  13.  13.   7.  13.   2.   1.   1.   7.   8.   8.  13.
   4.   1.   9.   9.  11.   1.  10.   3.   0.   2.  12.   1.  13.   6.   3.
   2.   9.  13.  11.   2.   1.   6.   9.   9.   2.   8.  11.  10.   1.  14.
   8.   1.  21.   1.   2.   6.   2.  10.   1.   0.   3.   9.  12.  14.  12.
   3.  16.   4.   3.  11.  13.   8.   5.   6.  17.   9.   3.   9.   5.  10.
  15.   8.   2.   1.   0.][  2.   4.   6.   5.  11.   2.   2.   9.   5.   3.   9.   1.   6.  10.   9.
   9.  13.   2.   8.   7.   2.   0.   9.   1.  17.   2.   7.   9.  11.   2.
   3.   1.   1.   9.   3.   1.  13.   8.   4.  14.   9.   9.   4.   5.   1.
   3.  11.   2.   3.  10.  15.   1.   5.   3.   9.   8.   1.   8.  13.   6.
  13.   1.   1.   2.   8.   7.   6.  11.  12.   6.   7.   4.   9.  10.   9.
   7.   3.  10.   2.   1.   6.   2.   3.  12.   5.   7.   1.   1.  12.   4.
   3.   8.  12.   2.   8.   1.   7.   0.   0.   3.   1.   0.  10.   1.   9.
   8.   3.   1.   0.   0.  14.  16.   2.   1.  17.   2.  12.   2.   6.   3.
   4.   0.   4.   0.   9.   5.   5.  14.  13.  16.   2.   1.   8.   2.  11.
   7.  13.  13.   7.   2.   0.  12.   0.   7.   7.   8.  11.   2.  10.   9.
  12.   4.   1.   6.   3.   3.   0.  14.   6.   2.  14.   6.  10.   9.   7.
  11.   3.   6.   7.   1.   8.   2.   3.   3.   2.   5.  17.   2.   1.  12.
   2.   3.   6.   9.   1.  16.  12.  11.  13.   4.   6.  11.   0.  11.   8.
  10.   1.  11.   1.  11.  12.   3.   3.   3.   2.   9.  15.   7.  16.   2.
   1.  10.   3.   3.   2.   2.   0.   2.   4.   8.  10.   3.   3.  10.   2.
   2.   9.   2.   2.  11.  13.   8.   2.  14.  15.   0.  14.  11.  12.   9.
   8.   5.   3.   1.  12.   7.   3.   2.   4.   1.   3.   4.   7.  11.  11.
  12.   6.  10.  11.  12.  13.   8.  11.   9.  19.   1.   4.   6.   3.   3.
   8.   3.  13.   7.   1.   9.   3.  13.  10.   0.   9.  10.  14.  13.  13.
   2.   2.   0.   6.   7.   2.   3.   0.  10.   3.   9.  11.   0.   5.   9.
   2.   2.  12.  11.   3.   5.  11.   4.   6.  13.   8.  13.  11.   0.   4.
   5.  12.  10.   7.   9.  11.  10.   0.   0.   5.  14.   9.   5.   7.   5.
   0.   2.  10.   9.  13.  11.  11.  10.   2.   1.   2.   3.  16.   1.  10.
   7.   1.   8.  12.   0.   7.  11.   0.  12.   6.  11.   0.   2.   2.  15.
   1.  15.  12.   3.   2.   3.   9.   2.  10.  15.   9.  11.  13.  12.  12.
   7.   2.  12.   4.   3.   0.   1.  10.   5.   3.   7.   4.  15.   1.   9.
   0.   8.   9.  11.   5.   1.   3.  16.   2.  13.   2.   3.   5.   2.  14.
  11.   1.  12.   8.  12.   2.   8.  13.  13.   3.  14.   1.  10.  10.  10.
   7.  14.  11.  10.   7.   2.  11.   0.   0.   3.  10.   1.   4.   3.   3.
   4.  10.  13.  13.   9.   3.   2.  12.  11.   8.   8.   9.   1.   2.   2.
   9.   8.  12.   1.   9.  13.   2.  11.   2.  14.  23.   6.   7.  15.   6.
   8.   5.  11.  13.   1.   2.   2.   1.  16.  11.   8.   7.   9.  11.  13.
   9.   1.   2.   9.   4.   0.   4.   1.   7.   2.   1.   2.   0.   9.   5.
   9.   0.   7.  12.   8.][  2.   3.  10.  11.   2.   0.   2.   1.  14.  14.   3.  15.   0.  12.   4.
   2.   8.   2.   8.  15.   9.   0.  14.   1.   5.   3.   8.  11.  17.   9.
   9.  10.   7.   5.   5.  15.   2.  12.  11.   8.  12.   6.  14.   7.   2.
   3.  11.   0.   9.  10.  10.   2.  11.   2.   8.   1.   3.  18.  16.   2.
  10.  12.   2.   3.   2.   4.   1.   2.   1.   3.   3.   3.   9.   3.   9.
   8.  14.   9.   7.  15.   9.   2.   8.  10.   8.  11.   4.   3.   1.   2.
   2.  10.   5.   1.   2.   1.   2.   6.   1.  15.   0.   1.   5.   6.   2.
   6.   2.   6.   0.   1.   7.   8.   2.   9.  13.   3.  11.   9.   2.   2.
   2.   9.   5.   1.   9.   2.  10.   5.   1.   8.  11.   2.  15.  13.   4.
   5.  12.  11.   3.   2.   4.   3.   2.  17.   1.  18.   5.  12.  10.  11.
  12.   1.   6.  16.   8.   0.  11.   0.   3.   9.   5.  12.  12.   9.  11.
   0.   1.   6.   4.   4.   2.   9.  11.   7.   0.   7.  19.   2.  11.   3.
   8.   1.   1.   1.  10.   9.   3.   2.   1.   6.  18.  11.   2.  11.  10.
   2.   1.  11.  11.   1.   3.  13.   1.   9.   3.   8.   3.   1.   8.   4.
   7.  10.  11.  13.   8.   1.   2.   7.  10.  13.   6.  10.   3.   3.   5.
   2.   3.   1.  10.   5.  21.   9.   7.   9.   7.  11.  13.   1.   2.   4.
   2.  11.   4.  10.   8.   2.   5.  12.  12.  11.   8.   8.   4.   0.   0.
  10.   7.   0.   6.   8.   5.   9.  13.  19.   9.  12.   9.   2.   2.   7.
   0.   2.   3.   6.   2.  11.   8.   1.  11.   9.   2.  10.  10.  13.   9.
  15.  16.  12.  10.   3.   8.  11.   7.   0.   0.   4.  10.   7.   2.   2.
   9.  10.   7.   8.   2.   0.   1.   3.   8.   1.   6.   4.   2.   2.  13.
  15.   5.   2.   1.   6.   9.   6.  12.   7.   3.  12.   8.   1.   1.   8.
   3.   1.  18.   9.   0.  11.  13.   9.   0.   6.  13.   7.   2.   2.  14.
   2.   6.   3.   9.   0.   2.  11.  12.  11.  16.   0.   0.   1.   8.  12.
   2.  13.  12.   1.  14.   1.   2.   7.  11.   9.   9.  10.   0.   6.   3.
   9.   0.  12.  11.   3.   8.   2.   1.   9.  15.   2.   1.   3.  11.  12.
  10.  12.   2.   1.   5.   9.   3.   4.  12.   1.   1.  13.   7.   1.  10.
  15.   9.   3.   2.  13.   2.   6.   1.   1.  10.   6.   0.  14.   3.  12.
   0.  10.  11.   4.   1.   0.   7.   3.   9.   0.   1.   8.   3.  17.   7.
  16.  13.   1.   3.   9.  13.  11.   2.   3.   7.  14.   3.  13.   6.  11.
   3.  16.  14.  11.  14.   3.   1.   9.   7.   0.   0.  12.   5.   8.  18.
   2.   2.   9.   0.  10.   6.   2.   8.   2.  15.   1.  10.  14.  10.  12.
   9.   5.   8.   4.   8.   9.   9.   4.  14.   9.  11.  11.   2.   6.   7.
  12.   2.   8.   8.   0.][  4.   8.  11.  10.   1.  10.   1.   1.  10.  11.  11.  12.  19.   9.  12.
   1.   2.   9.   1.   0.   3.   0.   3.   3.   7.  11.   4.   9.   1.   8.
   3.   9.   4.   2.   2.  10.   3.  11.   7.  13.   8.  11.   3.   2.   6.
   6.   4.  11.   2.  11.  15.  14.  12.  11.   1.   2.   3.   4.  10.  12.
   2.  10.  15.   1.   1.  10.   2.   4.   0.   1.   6.   2.  10.   8.   9.
   2.  10.  13.   4.   1.   7.   3.  12.   2.  16.   5.   7.   1.  13.   5.
  13.  12.   7.  10.   4.   4.   8.  13.  10.  12.   3.   2.  16.   1.   2.
   4.   7.   4.   9.   4.  13.  12.   2.  10.   6.  11.   2.  11.   7.   7.
   2.  12.   2.  18.   8.  12.   5.   1.   2.   2.   1.  13.   3.   1.   6.
  11.  14.  10.   3.   8.   9.   0.   0.  14.   1.  11.  10.  21.   7.   1.
  11.   2.   7.  14.  14.   9.   3.   0.   0.  12.   2.   0.   4.  11.  13.
  10.  10.   1.   9.  12.   2.   7.  10.  12.   2.   1.   7.   3.  16.  13.
   1.   8.   0.  13.   3.  12.  11.  17.   7.  10.  12.   6.   5.   0.  10.
   1.   5.   5.  12.  11.   7.   8.   0.  14.   5.   1.   2.   7.  14.   1.
   1.  16.   8.   5.  11.   5.   2.   2.  12.   8.   1.   9.  10.  14.   1.
   7.   1.   1.   2.   6.   7.   4.   2.   3.   3.   5.  10.   8.  11.  10.
   2.   0.   1.   9.   0.   1.  11.   2.  12.   3.  12.   7.   6.   1.   7.
  13.  12.   3.   9.   8.   5.   0.  10.   4.  16.   2.   6.   7.   4.  12.
   9.   4.   8.   3.   4.   8.   1.  11.   0.  12.   6.   8.   3.   0.   6.
   9.   8.   4.   4.   1.   4.   8.  10.   1.   1.   0.   3.   8.  11.   2.
   0.  13.   9.   1.   7.  11.   2.  13.   4.   7.   9.   1.   0.   1.   2.
   2.   3.  15.   6.  12.   3.   3.   8.   3.  14.  16.  10.   3.  13.   8.
   4.   3.  13.   2.   1.   3.   5.  21.   3.  11.  13.   8.  10.   0.   7.
   1.   7.  10.  13.   8.   2.   3.  11.  11.  12.  11.  11.  18.   1.   9.
  22.  12.   7.   1.  10.   9.   2.   3.   4.   7.  18.  10.  11.   8.   2.
   4.   9.   3.   8.   1.   2.  11.   8.   3.   8.  19.  12.   2.  10.   2.
   1.  16.   6.   2.  16.  10.   3.   0.   6.   1.  10.   8.  12.   2.  14.
   1.  10.   1.   9.   7.   2.   9.   1.  14.   7.   0.  11.   8.   3.  16.
   4.   0.  12.  11.   3.   1.  11.  11.   1.   2.   6.  11.   8.   1.   8.
   2.  13.   1.   1.   1.   1.   1.  10.   1.   9.   2.   2.   3.   3.   3.
   9.   0.  18.  10.  13.  12.  14.   7.   4.   9.   0.   9.   0.  16.  11.
   7.   1.  11.   3.  15.   9.   1.   1.   6.   2.   1.   1.   8.  12.  10.
  12.   8.  12.   2.  11.  15.  12.  13.  15.   7.   1.  10.  10.   3.   2.
   3.   0.   9.   8.   1.][ 11.  10.   1.   2.   1.   6.   1.  15.  15.  16.   2.   1.   1.  10.   5.
   3.   9.  15.   2.  12.   2.   2.  15.   8.  12.   2.   4.  10.  11.   0.
   9.   1.   7.   3.  11.   3.  10.   4.   6.  14.   3.   3.   1.   8.   1.
   5.   5.  12.  11.  12.  13.   3.   7.   3.  11.   1.   2.   6.   7.   8.
  16.   2.   3.   9.  10.   2.   9.  11.   4.  13.  17.   2.   8.   3.  12.
  10.   2.   0.  15.  11.   6.   2.   3.   1.   3.   2.   3.  12.  18.   2.
   1.   8.   5.  13.  14.   3.   5.   0.  11.  12.   1.   2.   2.   8.  12.
  14.  11.   8.   9.   3.   8.   9.  18.   7.  10.   2.   3.  13.   8.  10.
  15.  12.   2.  10.   2.  11.  16.   7.  10.   1.   1.  11.   2.   1.   4.
  11.   5.   1.   2.   2.  14.   3.  10.   2.   3.   2.   9.   6.   6.  10.
   8.  15.   4.  19.   0.   8.   5.  12.   3.   3.   6.   5.   2.  12.   1.
   1.   3.  12.   5.  11.   2.  11.   0.  12.   8.   7.   2.   3.   2.   4.
  14.   7.   1.   6.   1.   2.   3.   9.   4.  10.  10.   7.   2.   2.   2.
   9.   2.   1.   2.   3.  10.  10.   8.  15.   1.   3.   1.   5.   8.   7.
  12.   8.  13.   2.   3.   7.   8.   2.  15.   1.   1.   0.   8.   9.  12.
   6.   1.  10.   2.   2.  11.  10.   1.   6.   7.   9.   8.   7.  11.  13.
  16.   9.   3.   4.  12.   1.  11.   2.  15.   5.  10.  11.   2.  10.  17.
   1.   8.   5.   3.   1.  13.  12.  15.  15.   7.   1.  10.  12.   1.   5.
  14.   7.   1.   8.   4.   2.   9.   3.   5.   6.   6.   6.   1.   2.  15.
  13.  10.  10.   3.   7.   8.   2.   2.   1.  10.   1.   1.   1.   9.  10.
   2.   3.  13.  11.  13.   0.  15.  10.   8.   8.   3.   2.   9.   2.   4.
   2.   8.   7.  10.   2.   0.   9.   2.   7.   2.  12.  11.   5.   1.   4.
  14.   9.   1.   6.   6.  10.   2.   2.   2.   0.   2.   3.  13.   4.   2.
  12.   0.   0.  11.   6.  13.   0.   2.   5.  10.   1.  11.  13.   0.  17.
   3.  19.   3.  10.   1.   2.  15.   7.   9.   8.   0.   3.   7.  10.  10.
  12.   9.  16.   1.   8.   2.   5.  11.   0.   9.   8.  12.   6.   6.   0.
   5.   1.  10.  11.   7.  14.   9.   4.   4.   2.  13.  11.   6.   3.  14.
   2.   0.   2.   1.   4.   0.   8.   0.   5.   2.   3.   3.   8.  12.   5.
   7.   1.   4.   9.   5.   1.   1.  11.  13.   4.   8.  13.   9.   8.  11.
  20.   9.   4.   3.   7.   4.   2.   9.   8.   9.   2.   1.   8.  15.   4.
  12.   6.   5.   2.  14.   8.   9.   8.   2.   7.   6.  12.   1.   7.  15.
   8.  10.   1.   7.   3.   6.   1.   1.   7.  15.   3.   3.   6.   6.  11.
  17.   2.   1.   2.  10.   2.   4.   8.  14.   8.   3.   3.   9.   4.   1.
  10.  10.   9.   1.   5.][ 14.   6.  11.  18.  16.  12.   3.   1.   7.  13.  14.   1.   1.  14.   7.
  11.   4.  10.   1.  10.   1.   3.  17.   7.   1.  12.   6.   3.   7.   0.
  15.  12.  17.   8.   0.   4.   2.  16.  12.   1.  10.   7.   5.  10.   2.
  14.   5.   5.   7.   2.   1.   3.   4.   0.  11.  16.   1.  12.  15.   7.
   1.   3.   6.   1.  11.   4.  14.   7.   8.   9.   3.   8.   9.   0.   1.
   6.   1.   7.   0.  15.   0.   1.   3.   3.  10.   1.   6.  14.   4.   0.
   7.   6.   4.   4.  11.  15.  10.   9.  14.   8.   6.   8.   1.  14.   3.
  13.   9.   7.  10.   0.   2.   2.   3.  16.   2.   0.  12.   5.   1.   3.
   1.   1.  12.   2.  15.   8.  10.   6.  13.   8.  10.   4.  12.   4.  13.
   0.   0.   0.   6.   3.  15.  13.  12.   7.  14.   2.  12.   5.   8.  12.
  19.  14.   6.  10.   5.   0.   8.   3.  10.   0.   1.   2.   1.   1.   8.
   8.   1.   8.   0.  10.   2.  11.   3.   1.   0.   3.   2.   6.  12.   1.
  10.   7.   9.  15.  18.   4.   3.   4.   2.  10.  12.  12.   5.   8.   7.
   2.  11.   5.   0.  23.   1.   7.   9.   3.   4.   3.  12.   3.   9.   6.
   3.   2.   0.  10.  11.   1.  10.  11.   8.  16.   1.   4.   1.   5.   9.
   3.   5.  11.  19.  13.   6.   8.   1.   2.  13.   6.  16.   3.   1.  10.
  14.   3.   2.   1.  11.  12.   0.   1.   9.   2.   2.  11.  12.   5.   9.
   3.   9.   1.   7.   0.  14.  10.   0.   5.   1.  14.  16.   9.  12.   2.
   2.  13.  12.   7.   9.   7.   8.   5.   8.  14.  10.  17.   0.   3.   6.
  10.   9.   7.   4.   1.  15.   1.  13.   4.   8.  11.   6.  12.  17.   9.
   5.   9.   3.   4.   8.   9.   6.   6.   6.   3.   3.   7.   1.   4.   4.
   1.   2.  10.   3.   3.  15.   1.   3.   7.   0.   3.   1.   9.  15.   2.
  12.  14.  12.   2.  12.   8.   8.  13.   1.  13.   7.  10.  10.   1.   7.
   0.   4.   2.   6.   1.   4.  10.   2.  14.  14.  10.   4.   2.   2.   1.
  10.   3.   9.   2.  17.  14.   4.  14.   6.  10.  13.   0.   9.   3.  13.
   6.   1.   7.   4.   2.  10.  14.   2.   2.   7.   0.   1.   2.  10.   9.
   5.   5.  10.  13.  10.   9.   1.   5.   7.   1.   1.   2.   3.   1.   9.
   3.   8.   7.   1.  13.  10.   7.   0.  14.   1.   3.   8.  12.  10.   1.
   9.   8.   9.  12.   3.  12.   5.   3.  12.  14.   7.  10.   9.   7.  12.
   8.   2.  13.  11.  12.   7.   1.   2.  10.   2.   0.  10.  13.  11.   3.
   8.   1.   2.   5.   7.   8.   3.   3.   5.   0.  16.   2.  12.   7.  11.
  14.   3.   2.   5.   4.   7.  15.   3.   8.   2.   5.   6.  13.  11.   2.
   7.   9.  10.   9.   5.  11.   2.   5.  10.   2.   1.   8.   2.   8.   8.
   7.   2.  13.  13.   3.][  9.  16.   0.   0.   1.  12.  16.   7.  15.   9.   7.   8.   1.  10.   1.
   7.   2.   0.   0.  12.   1.   6.   5.   8.   9.   7.   1.   1.  16.  11.
  11.   6.  12.   1.  17.  10.   9.  11.   8.   2.  11.  10.   3.  15.  12.
   3.   5.   4.   9.   9.   7.   1.   2.  11.  13.  10.  12.  11.  11.   0.
   2.  12.   1.   0.   0.   9.   5.   1.  11.  15.  10.   8.   2.  11.   4.
  12.   3.  10.   5.   4.  12.   1.  14.  11.   1.   2.   2.   3.   3.   3.
   9.  16.   6.  11.   4.  12.  11.   7.   1.   7.  14.   4.   1.   6.   1.
  10.   3.  12.   6.  11.  11.   0.   3.   1.   9.   8.  10.  13.  10.   2.
  10.  15.   8.   5.   9.   6.   7.   5.  11.   0.   2.   0.   8.   4.   9.
   0.   6.   7.   1.   2.  11.   1.   9.   2.   3.  10.  10.   1.  11.   7.
   9.  15.   6.   3.   7.  10.   9.   1.   2.  11.   1.   5.  13.   4.  10.
   1.   4.  10.   2.  14.   4.   8.   4.   1.   9.   3.   5.   3.   4.  10.
  15.  12.   3.   3.   0.   6.   1.  11.   8.   4.   2.   8.   9.  14.  15.
  17.   4.   1.   2.   6.   8.   2.   9.   9.  19.   6.   3.   0.   4.  16.
   0.  14.   9.   1.   3.   8.   7.   9.   0.  15.   8.   1.   2.  14.   2.
   3.  16.   7.   3.   1.   4.   2.   4.  14.   8.   1.   9.  11.   2.   8.
   2.   1.   7.   7.   8.   0.  12.   2.   0.   6.   9.  18.   4.  12.   3.
   1.  10.   2.  10.  14.   2.   5.   9.  13.   9.   0.   1.  12.   3.   5.
   0.   4.  13.  13.   9.  15.   3.   2.  13.  12.   0.   7.   2.   0.   5.
  12.  13.   2.  10.  12.  15.   1.   5.   7.   9.   3.  12.   2.   8.   2.
  10.   3.  12.  10.  16.  18.   2.   6.   1.   5.   9.  12.   9.   6.  17.
   5.   1.   1.  12.   2.   5.   0.   2.   5.  13.   9.   7.  10.   2.   0.
   5.   2.  13.   7.   5.   3.  15.  10.  13.   9.  11.   6.  13.   4.   9.
  14.  14.   2.   0.  13.  12.   8.   7.  21.   8.   5.   5.   0.   6.   9.
   7.  19.   6.  11.  10.   6.   1.  10.   2.   8.   4.   0.   9.  10.   1.
   1.  10.  13.  13.  11.   5.   6.   1.   3.   6.   8.   7.   9.   4.   4.
   4.   1.   0.   2.  11.  10.   2.   6.  10.   9.  19.  11.   8.  13.   8.
   8.  14.   2.   7.   2.   9.   8.  10.  13.   8.  10.  12.   9.   7.  11.
   2.   5.   7.   3.   3.  16.   0.   4.   8.  13.   1.   2.  18.   3.   1.
   8.   3.  10.   5.   0.  16.   9.   3.  16.   9.   8.  12.  17.   8.  10.
   4.   3.  10.   3.  13.   1.  14.  11.   7.   9.   0.  10.   7.   8.   8.
   8.  11.  18.  19.   1.  19.   9.  12.  12.   2.  16.  14.   2.   1.   2.
   2.   3.  11.  12.   6.   4.   2.   2.   4.   8.   9.   1.   4.   2.  12.
  12.   1.   3.   9.   3.][ 12.   4.   7.  18.   1.   5.   9.   8.   5.   8.   2.  12.   2.   1.   4.
  11.   1.   1.  14.   2.   9.   8.   2.   2.  15.   1.   1.   6.   3.  11.
  14.  12.  14.  15.   6.   1.   3.  12.   8.  11.   2.   0.  14.   0.   0.
   6.  16.   3.   2.   2.   4.  11.   6.  12.  10.   1.  16.  13.  10.  13.
  15.  10.   3.   7.   1.   4.  11.   1.   1.  10.   8.   5.   0.   0.   9.
   8.  11.  12.   1.  15.   0.   7.   8.   0.   2.  12.   9.   3.   8.   2.
   3.   9.  10.  11.   0.   0.  16.  10.   8.  10.   1.   3.  14.   5.   1.
  13.  10.   4.   1.   9.   5.   5.   2.   1.   3.   9.   9.   8.   5.  10.
  10.   9.  13.  11.   8.   8.   1.  11.   6.   6.   0.   2.  13.   1.  15.
   6.   4.  14.   5.   0.  11.   5.   3.   2.   1.  12.  12.   2.  12.  17.
   3.   5.  13.  10.   2.   2.   3.   2.   2.   1.   7.  12.  10.  11.   9.
   3.   9.   3.  11.  16.  12.   9.  12.   7.   0.   4.  11.   3.   1.  14.
  15.  11.   9.   4.   9.  18.   8.   2.   7.   9.  10.   1.   7.  12.   0.
   5.   3.   2.   7.   9.   8.   2.   5.  10.   8.   1.   6.   1.   8.   0.
   5.   1.  14.   8.   3.   8.   1.   2.   4.   2.   4.   2.  10.  11.  11.
   4.   2.  15.   9.  10.   3.  11.  10.  11.   7.   8.  13.   0.   2.   0.
   9.   9.   4.  12.  10.   5.   1.   8.   9.  11.  15.  14.  12.  12.  10.
  12.   4.   1.   1.   3.   8.   8.  11.  11.  10.  11.  13.   7.   4.   2.
  13.  11.  10.   3.  19.   8.  11.   9.   3.   8.   4.   7.  10.   3.   8.
   6.  13.  13.   7.  11.  14.   0.   6.   5.  10.   2.   2.   9.   7.   3.
   2.   0.   4.   3.  10.   7.  11.   4.   8.   1.  12.  11.   3.  18.   1.
   2.   7.   6.   9.   8.  16.  14.   8.  16.  10.  11.   9.  13.  12.  10.
  13.   1.   1.   1.   8.  12.   1.   1.  12.   9.  11.   5.   5.  14.   0.
  12.  13.  10.  13.   2.   8.  10.  11.   1.   2.   1.   8.   0.  10.  12.
   3.   2.   8.  12.  16.   1.  10.   7.   5.   2.   9.   2.  11.   5.   0.
  12.   9.   9.  10.   3.   2.  11.   1.   1.  19.  10.  16.   1.  15.   8.
   0.   5.   2.   7.  16.  10.   7.   9.   2.   1.  14.  12.   4.   0.   2.
   0.  10.   8.  11.   2.   3.   2.   9.   1.   9.   8.   2.   8.   3.   0.
   8.  12.  10.  13.   7.   1.   7.   2.   1.   2.   0.   4.   8.   8.  16.
  11.   2.   0.  11.  12.   1.   4.   1.   8.   1.   8.   9.   0.   9.   3.
   8.  11.  15.   3.   1.   7.   8.   2.  10.   6.   3.   2.   8.  13.   9.
   1.   8.   2.   2.  11.  15.   3.   5.   4.   1.   9.   8.   9.   1.   5.
   4.  10.  10.   1.  14.  11.   8.   3.  10.  11.  10.  12.  12.   7.   0.
   3.  13.   6.  14.   8.]

T=5000  max_len=4
{'type_emission': 'Poisson', 'log_pr_thresh': 0.01, 'max_log_p_diff': 1.5, 'th_prune': 0.007, 'start_params': None, 'start': 'k-means'}
16 ['0000', '0001', '0010', '0011', '0100', '0101', '0110', '0111', '1000', '1001', '1010', '1011', '1100', '1101', '1110', '1111']
c_p: [ 0.028  0.04   0.037  0.065  0.044  0.051  0.057  0.086  0.04   0.062
  0.058  0.076  0.058  0.084  0.086  0.128]
a: [[ 0.43  0.4   0.38  0.4   0.37  0.4   0.42  0.49  0.4   0.45  0.39  0.37
   0.42  0.38  0.39  0.41]
 [ 0.57  0.6   0.62  0.6   0.63  0.6   0.58  0.51  0.6   0.55  0.61  0.63
   0.58  0.62  0.61  0.59]]
$\lambda$ = [  2.   10.1]
log_p: -14027.873696978728
aic: 28123.747393957456
hmm_aic: 28121.747393957456

lgprob:
vlhmm = -14027.873696978728,  hmm = -14034.397629744179   diff= 6.523932765450809
params: vlhmm=4 hmm=5
aic:
vlhmm = 28063.747393957456,  hmm = 28078.795259488357   diff= -15.047865530901618
fdr, fndr: (None, None)

fitting time: 1.605647087097168


hmm1:
2 ['0', '1']
c_p: [ 0.407  0.593]
a: [[ 0.42  0.4 ]
 [ 0.58  0.6 ]]
$\lambda$ = [  2.   10.1]
log_p: -14034.429729250274
aic: 28080.85945850055
hmm_aic: 28078.85945850055

log_p -14034.429729250274,  aic 28076.85945850055

log_p [-14027.873696978728, -14027.873696978728, -14034.429729250274]
aic [28063.747393957456, 28121.747393957456, 28078.859458500548]

