T=5000
start=k-means
max_len=4
th_prune=0.007
log_pr_thresh=0.01
arr_T=[500, 500, 500, 500, 500, 500, 500, 500, 500, 500]
[  2.  10.  20.  15.   3.   1.   4.   3.   5.   6.   5.   5.   5.   1.   5.
   3.   3.   4.  12.   3.   2.   0.  19.   7.  21.   3.  12.  18.  17.   1.
   3.  15.   3.   3.   5.   3.   2.   1.   6.   3.   1.  12.  13.  19.  23.
   5.  10.  10.   3.   2.  14.  11.  17.  11.  15.  12.   2.  13.  14.  17.
   4.  22.  19.   2.  14.  11.  14.   5.  20.  12.  14.   4.   2.   2.   5.
  16.  18.  13.   2.  21.   8.   0.   2.   2.   4.   6.   4.   4.   5.   3.
  15.  17.  18.   1.  17.  14.  16.   4.   2.   2.   2.   1.   4.   5.   4.
  11.  16.   3.  17.  21.  11.   4.  15.   1.   6.  10.  19.  11.   4.  19.
  17.   9.   0.  18.  19.   2.  22.  10.  15.  13.   3.   1.  20.  20.  15.
   5.  20.  16.   3.  11.   2.   8.  13.  14.   6.  14.  19.  15.   9.  12.
   5.  22.  20.   4.  20.  15.  14.   4.  12.   2.  13.   3.  11.   3.  14.
   4.   8.  10.  14.   1.   3.   1.   7.   2.  12.   2.   2.  16.   7.  17.
   3.  14.  14.  15.   3.   4.   3.   1.   5.   1.   6.   4.   5.   2.   2.
   1.   9.  11.   2.  21.  18.  15.   1.  14.  15.  18.   9.  12.  16.  14.
   1.   6.   3.   1.  16.  16.  16.   3.   5.   4.   2.   3.   4.   1.   8.
   3.  15.   1.  15.   1.  13.  18.   8.   4.  19.  19.  17.   2.  13.  17.
  26.  21.   2.   1.   2.  14.  19.   9.   1.   2.   3.   5.   2.   3.   0.
   1.   2.  15.  17.  11.   8.   9.  12.  14.   3.   8.  11.  19.   0.   4.
   4.   2.  12.   2.  13.  11.  18.   6.  10.  11.  23.   6.   4.  14.   4.
   5.   2.   3.   3.   4.   2.   2.  16.  14.   1.   2.   5.  11.   1.   9.
  17.  19.   3.  25.  12.  15.   2.   5.   5.  15.  14.  26.   7.  18.  16.
  19.   3.   1.   7.   3.   2.   4.   4.   3.  15.  12.  14.   2.  16.  19.
  12.   1.  10.   6.  17.   3.   3.   6.   3.   2.   5.   4.   3.   3.   3.
   4.  13.  14.  15.   4.  16.   1.   3.   1.   4.   3.   3.   0.   2.   3.
   2.   4.   4.   3.   6.  11.   8.  18.  14.   2.   6.   1.   2.   2.   4.
   0.   3.   0.  16.  14.  22.  10.   3.  17.  18.   2.  10.  16.  23.   5.
   4.   3.   3.   0.   2.  13.  15.  16.   4.  10.   6.   4.   2.   3.  16.
   4.   1.   4.   3.   2.   3.   3.   2.   3.   5.   0.   4.   2.  13.  12.
  13.   3.  18.  12.   5.  23.  10.  17.   5.   8.   5.   3.   0.   3.   1.
   4.   2.   5.   2.   1.  15.  18.  18.   4.  20.  13.  17.   4.  10.  20.
  18.   5.  11.  10.   3.  15.  15.  20.   1.   5.   3.  24.   9.  10.  16.
  17.   0.  13.   2.  14.   8.   3.   3.   1.   1.   2.   5.   3.   1.   1.
   3.   1.  24.  18.  18.   0.   2.  13.  14.   3.   3.   4.   3.   4.   1.
   0.  11.  11.  17.   2.][  1.  25.  10.   8.   3.  16.   0.   9.  21.  11.   6.   0.   5.  21.  17.
  16.   3.   0.  20.  19.  19.   4.   5.   3.   3.  16.  14.  18.   3.   3.
  17.  12.   5.   2.   2.   6.   3.   2.   6.   4.   3.   7.   1.   4.   3.
  14.  20.   3.   2.   1.   2.   5.   8.   5.   4.  17.  16.  12.  14.  18.
   4.   5.  20.  16.   2.   2.   1.   3.   2.   3.   3.   6.   4.   8.  12.
  12.   1.   8.  15.  14.  15.   3.   2.   4.   0.   0.   2.   0.  19.   6.
  18.  16.  20.   2.   4.  16.   2.  15.  19.  16.   5.  15.  18.  14.   4.
   1.   3.  17.  14.   1.  10.  12.  17.   4.   6.  14.  11.  16.   4.   6.
   5.   2.   4.   1.   3.   3.   4.   7.   9.  11.   3.   4.   0.   7.   0.
   2.   1.   2.   3.   1.   3.   1.   2.   1.   4.   2.  16.   2.   4.   3.
   5.   3.   1.   2.   1.   5.   2.   6.   3.   1.   2.   1.   5.  17.   9.
   9.  16.  14.   2.   5.   2.   2.   3.   0.  14.   1.  12.  15.  20.   3.
   2.   3.   6.  14.  13.  19.   4.  14.  24.  18.   0.  10.  14.  10.  13.
   2.   8.  17.  18.   6.  19.  16.  18.   3.   6.   4.   4.   3.   5.  18.
  16.  13.   5.   0.   3.   1.   1.   0.   2.   2.   1.   2.  16.  17.  17.
   3.  13.   4.   2.   6.   5.   2.   5.   1.   6.  17.  19.  12.   5.  23.
  19.  17.   1.  14.   3.  19.  22.  15.   1.  17.  15.   1.   3.   3.   4.
   3.   8.   0.   7.  18.  21.   3.  17.  10.  15.   4.   4.  13.   5.   2.
   0.   4.   3.  17.   2.   2.   2.  15.  18.  12.   3.   4.   2.   2.   3.
  15.   6.   3.   0.   2.   9.  12.   9.   0.  13.  13.  14.  15.   2.   6.
   6.   4.   3.   4.  11.   3.  13.  16.  12.   2.   3.   2.   5.  15.  13.
  12.   1.   4.   3.   9.  19.  12.   3.  13.  19.  17.  19.   3.  15.  12.
  13.   3.  19.   5.  10.   2.  14.  15.  11.   0.  14.   9.  16.   1.   0.
  15.  13.  13.  20.   0.  20.  11.  15.   5.  14.  20.   4.   2.   3.   0.
   4.   1.   1.   4.   4.   2.  15.  14.  19.  13.   2.   1.   1.   1.   3.
   1.   2.   2.  12.  15.  17.   3.  14.  22.  10.   4.  11.  23.  10.   3.
   2.   3.   2.   1.  12.  16.   1.  16.  16.  12.   0.   0.   2.   3.   5.
   1.  15.  22.  20.   2.  13.   6.   2.   2.   2.   1.   2.  21.   5.   4.
   2.  17.   5.   2.   6.  19.   3.   1.   1.   3.   5.   1.   2.   3.   4.
   4.  11.  15.   9.   0.  11.  12.  13.   3.  14.   3.  17.  18.  13.   0.
  12.  11.  11.   2.   3.   4.  21.   7.  16.   3.   2.  20.   1.   3.   2.
   3.   3.   5.   3.   1.   1.   1.   1.   2.   7.  13.  11.   6.  22.  16.
   4.   3.   3.  14.  12.  17.   0.  13.  18.  12.   3.  21.   6.  12.   2.
   3.  16.  16.  19.   5.][  1.   7.   6.   9.  17.   2.  15.   2.  12.   3.   4.   3.  17.   3.   1.
   6.   6.  19.  13.   4.   5.   1.   0.   2.   2.  19.  13.   1.  14.  19.
  14.   2.  21.  16.   6.  13.  19.  18.   3.  14.  17.  12.   4.   2.  12.
   2.   3.   5.  13.   0.  13.  12.  10.   0.  15.  10.  14.   4.  12.  16.
  19.   6.   5.   2.   6.   1.  10.   9.  16.   2.  20.  18.  21.  18.   2.
  12.   3.  17.  18.  11.   3.   3.   3.   6.   5.   3.   4.   3.   7.  12.
   1.  18.  21.  19.   1.   3.   3.   3.  18.  20.  10.   5.  12.  15.  19.
   9.   3.   2.  13.   6.  12.  17.  18.   1.   9.  15.  13.   4.   1.   8.
  12.  13.  16.   4.  20.  20.  16.   3.  16.  13.  15.   2.   4.   5.   3.
  19.   1.  19.  16.  19.   2.   3.   4.   2.   1.   2.  14.   5.  15.  16.
  10.   5.  10.  15.   8.   3.   3.   4.   1.   3.   0.   4.   0.   5.  20.
  13.  11.   2.   1.   2.   3.   5.   3.   4.   3.  19.   9.   4.  17.  18.
  13.   3.  10.  16.  14.   3.  12.  15.  20.   3.  14.   4.   4.   3.   5.
   4.   5.   0.  18.  16.  19.   5.   1.   2.   1.   3.  19.   1.   3.   2.
   4.   2.   4.   1.   3.   4.   6.  15.   2.  10.  12.  14.   3.  16.  12.
  16.   5.  12.   1.  13.  21.  18.  17.   2.   4.   2.  10.  20.  17.   1.
  17.   0.   3.   2.   2.  16.  17.  17.   1.   1.   2.   2.   4.   3.   3.
   6.  11.  12.  14.   5.   3.   2.   0.   3.   1.   3.  16.   4.   3.   3.
   1.   1.  17.   4.   3.   7.   1.   1.   2.  13.  16.  10.   1.   3.   3.
   1.   6.   5.   5.   1.   0.   4.   5.   4.   5.  15.   4.  17.   5.   3.
   4.   2.   3.   3.   4.  23.  14.   4.   5.   2.   1.   2.   3.   6.   3.
   1.  14.  15.  11.   6.  18.  12.   2.  19.   2.  18.  17.  21.   3.  14.
  11.  11.   2.   0.  16.   4.   4.   4.   4.  22.  14.  18.   1.   1.   6.
   1.   1.   4.   6.   4.   3.   2.   7.   2.   3.   3.  13.   7.  21.   3.
   6.   1.  14.   1.   4.   1.   6.   3.  16.   1.   4.   3.   3.   2.   1.
   4.   2.  23.  11.   3.  16.  13.  17.   4.   5.   2.  15.  18.  17.   6.
  11.  13.   0.   3.   4.   4.   4.   2.   1.   8.  18.   1.   1.   4.  12.
   0.   7.   6.   3.   4.   2.   5.   6.  18.  15.  23.   4.  10.   6.  13.
   5.   2.   0.   1.   3.   3.  22.  19.  17.   2.  16.  17.  16.   4.  14.
  22.   1.   3.   4.  16.  14.  17.   4.  11.   4.  14.   5.  10.   2.   2.
   4.   1.   3.  17.  15.  15.   3.   1.   2.   1.   8.   8.  14.   5.  16.
  18.  14.   3.   2.  18.  18.  26.   5.  15.   2.   5.   2.  17.  16.  10.
   4.  17.  12.  22.   2.   5.   2.   2.   4.   5.  15.  21.  14.   2.   2.
   3.  16.  14.  19.   3.][ 17.   9.   4.   0.  16.  11.  18.   1.  14.   3.  15.  13.  20.  18.   6.
   9.   2.  14.  16.  14.   3.  14.  11.  14.   3.  19.   3.  19.  11.  15.
  19.   4.  18.   1.  11.  19.  16.   4.   0.   2.   3.   9.   3.  21.  18.
  17.   1.   0.   4.  14.   3.  14.   2.   4.   2.  12.  14.  12.  13.  17.
   5.   5.   3.  13.   6.  14.  17.   3.   5.  19.  11.  13.   2.  13.  16.
  23.   3.  15.   2.   5.   3.  13.  14.   2.   5.   5.  20.  17.  14.   4.
   0.   2.   3.  16.   2.   0.   1.   3.  19.  17.  13.   2.   1.   4.   5.
   0.   3.   6.   1.   1.   0.   2.  14.  15.  20.   4.   4.  10.  19.  16.
   4.  17.  19.   1.  19.  17.  14.   3.   4.   4.   2.   1.   5.   2.   3.
   3.   1.   3.  13.   4.  22.  15.  12.   4.  12.   5.  16.   4.  15.  12.
   1.  13.  18.  16.   4.  17.   1.  13.  16.  30.   2.  11.  13.  16.   3.
  14.  18.  16.   4.   2.   2.   3.   2.   1.   1.   2.   4.   1.  14.  10.
   2.   4.   1.   6.   4.   3.   2.   3.   3.  11.  18.   3.  12.   3.   4.
   4.   2.   2.   4.   3.  15.   4.  15.  13.   5.  16.   9.  15.   6.  16.
  14.  23.  20.   3.  15.   0.  17.  10.  10.   6.   2.   2.  30.  16.  17.
   4.  15.   8.  14.   4.   3.  14.   3.   1.   4.   4.   3.   3.   5.   4.
   3.   1.   2.   5.   2.   3.   7.   1.   7.   2.   3.   1.   4.   2.   2.
  12.  12.  15.   2.  11.  15.   6.   1.   2.   3.   3.  10.  13.   1.  13.
   2.  11.   9.  14.   4.  10.  14.   9.   6.  18.  12.  11.   7.   8.  19.
  17.   6.  17.  19.  12.   3.  12.   6.  16.   3.   3.   3.   2.   4.   4.
  16.   2.   4.   3.   2.   1.   1.   3.   5.   1.   3.  21.   9.  12.   5.
  14.  17.  22.   4.  15.  11.  21.   1.   2.   5.   1.   0.   2.  15.  20.
  21.   5.   2.  15.  15.  16.   2.   0.   5.   6.   2.   8.   4.   2.   4.
   5.   3.   2.   5.   5.  22.  12.  12.   4.   3.   3.   3.   4.   4.   2.
   3.  19.   2.   4.   1.   1.   6.  13.  20.   2.   4.   1.   2.  11.   0.
  15.  15.  13.   4.  15.   5.  21.  20.   5.   5.   4.   3.   0.   5.   1.
  12.  12.  18.   5.  19.   3.   3.   4.  11.  19.  12.   3.  18.  16.   9.
  15.   1.  14.  14.  16.  24.   8.   1.   3.   5.   2.   3.   5.  14.   3.
   1.   9.  16.  16.   3.   6.   4.   2.   6.   3.   2.   3.  15.   2.   1.
  13.  12.  21.   2.  13.  19.   7.   6.   4.  25.   2.   2.   2.  11.  17.
   4.  17.  16.  12.   0.  14.  19.   8.   0.   2.   4.   3.   2.  16.  12.
  18.   1.   1.   2.  19.  11.  12.   3.  15.  13.  20.  11.   5.  21.  18.
   1.  17.  12.  12.   2.   4.   5.   3.   5.   4.  16.   1.  16.  14.   4.
   2.   4.   3.   1.   3.][ 20.   2.  12.  21.  16.   6.  13.  23.  15.   3.   0.   2.  13.  15.  11.
   0.   2.   3.   0.   4.   4.   1.   5.  12.  11.   2.   5.   1.  14.   8.
  11.   3.   9.  15.   9.   2.  17.  20.  14.   6.   5.  12.  14.  17.   5.
   1.  16.  16.  15.   3.   5.   2.   4.   4.   4.  17.   3.   3.   5.   4.
   2.   6.  21.  18.  15.   3.  11.   1.   6.   4.   1.   5.   3.   1.  11.
  12.  12.   4.   3.   6.   3.   1.   2.   1.   1.   1.  20.   9.   4.   2.
  12.  10.  12.   2.  14.   4.  16.  22.   2.  11.  12.   4.  22.  15.   5.
  13.   9.   8.  14.   1.   2.   3.   4.   3.   2.   1.   1.   1.   6.   3.
   5.   1.   2.  15.   8.  17.   4.  15.  19.  17.  23.  12.   1.  10.  16.
   2.  16.   3.   5.   2.   1.  18.  13.  12.   1.  16.   3.  10.  10.  14.
   3.   3.   2.   4.   6.   5.  24.   2.   3.   5.   5.   3.   0.   0.   5.
   4.  17.  22.   6.  16.   6.  15.  14.   1.  17.  17.   6.   2.   2.  17.
  11.  14.   2.  14.   4.   6.   7.   2.   6.   1.   2.   1.  15.   3.  14.
   3.  12.  15.  15.   2.  12.  12.   4.   6.   8.  14.   6.   2.   5.   0.
   2.  15.   3.  13.  16.  14.   5.   2.   4.   1.   2.  20.  18.  14.  14.
   7.  17.  23.  21.   4.  15.  18.  17.   1.   2.   5.   1.  12.   6.  18.
  11.  10.  11.   4.   5.   0.   4.   3.   3.   3.   2.   4.   6.   0.   5.
   3.   4.  16.   9.  13.   4.  11.  18.  21.   3.  13.   2.  13.   4.  15.
  19.  15.   3.   5.   1.   4.  17.  13.  10.   3.  15.   2.   3.   3.   5.
   7.   5.   3.   3.   7.  15.   1.  10.   1.   1.   1.   0.   2.   4.   2.
   0.   2.  17.  19.  11.   4.  18.  16.   1.   2.  10.  19.   7.   5.   5.
  19.  16.   1.  26.  23.  18.   1.  12.   3.   2.   3.   2.   3.  22.  17.
  13.   5.  14.  13.  19.   2.   6.   0.   4.   3.   5.   1.  11.   3.  10.
   3.   5.   3.   4.   3.  16.  10.  14.   2.  21.  15.   3.  18.  12.  14.
   4.   1.   4.   5.   5.  19.  22.  13.   2.  17.  12.  16.   3.   2.   4.
   3.   5.   2.  14.   2.   0.   3.   1.   5.   1.   7.  17.  12.   3.   3.
   8.   4.  16.   4.  15.   1.   7.  18.  12.   6.   3.   2.   1.   3.   2.
  19.  10.  14.   2.  12.  16.  19.   4.  12.  18.   8.   3.  17.   2.   2.
   9.   3.   2.   1.   4.   1.  17.   2.  17.  22.   2.   4.  15.  11.  18.
   0.   1.   0.   0.   2.   2.   2.  16.   2.  21.   3.   3.   7.   2.  11.
   3.  25.  15.   6.  17.  15.  11.  12.   4.  14.  10.  11.  14.   6.   3.
   4.   4.   3.   1.  15.  14.  16.   1.   3.   6.   1.   3.   5.   3.   5.
   2.   8.   0.  20.  16.  19.   2.  18.  17.  15.  19.   3.   8.  21.  15.
   5.   5.   2.   3.  17.][ 20.  11.   2.   2.   1.  11.  17.  12.   6.  20.  15.  15.   2.  16.  18.
  17.   5.   4.   1.   5.   1.   1.   1.   2.   4.   5.   2.   1.   5.   3.
   2.   4.  17.  19.  18.   4.   4.   3.   6.   2.   7.   2.  10.  12.  11.
   2.   6.   1.   3.   0.   1.   5.   3.   4.   2.   1.   5.  20.   9.   4.
  21.  22.  23.   3.  18.  16.   4.  18.  11.  17.   3.  17.  13.  12.   1.
   3.   5.   3.   5.   2.  11.  20.   3.  15.  14.  16.   5.   4.   7.  17.
  16.  12.   4.   1.   4.   2.   2.  16.  22.   8.   3.   0.  13.  16.   3.
  19.  14.  15.   6.  13.  13.   6.   2.  11.  19.  19.   3.   3.   3.   5.
   5.   2.   2.   2.  15.  12.   5.  23.   0.  12.   3.  14.  15.  13.   0.
  19.   0.  16.  26.  20.   6.  13.  10.  12.   7.  11.  16.  16.   3.  13.
  16.  16.   4.  13.  21.   5.  19.  22.  19.   4.  16.  12.  12.   1.   2.
   5.   2.   5.  16.  13.  13.   9.   5.   0.   3.  17.  18.  12.   3.  14.
  21.  15.   1.   2.   4.   1.   1.   0.  15.  19.  21.   0.  16.  14.  22.
   1.   1.   3.   2.  18.   7.  10.  13.   4.   6.   0.   5.   5.   3.   5.
   6.   3.  18.   7.   2.   7.  18.   8.  18.  11.  14.  13.   2.   3.  12.
  17.  14.   1.  18.   1.  14.  18.  13.   2.   1.   2.   3.  14.   6.  17.
   5.   4.   2.   3.   0.   1.   1.   4.  14.   9.  13.   3.  18.  10.   1.
  15.  19.  19.   1.  17.   9.  12.   0.   5.   5.   4.   2.  15.  15.   4.
  18.   3.  18.  23.  12.   0.   6.   3.  12.   3.  20.   3.   3.   4.   3.
   1.  22.   7.   0.   2.   3.   2.   2.   3.   2.  16.  16.  23.   2.   1.
  11.  13.  10.   1.  18.  12.  15.   3.  22.  21.  17.   5.  12.  21.  13.
   2.  15.  16.  18.   1.   2.   4.   2.   4.  15.  17.  18.   5.   2.   1.
   3.  10.  14.  18.   6.  13.  17.  15.   0.  14.  14.  13.   4.  21.   6.
  11.   4.   1.   4.   1.   0.   3.   6.   5.   4.   2.   3.   5.   2.   1.
   3.   5.   5.   2.   2.   3.   3.   6.   6.   5.   4.   5.   2.   6.   1.
   2.   2.   2.   4.  10.  13.  16.   4.   9.  12.  19.   2.  14.  14.  15.
   3.   2.   0.   3.   9.  19.  22.   5.  15.  21.  22.   3.   6.   4.   5.
   0.  12.  16.  16.   2.   2.   2.   2.   3.   3.   5.   4.   4.   2.  10.
   3.   2.   1.   4.   1.   4.  11.  16.  13.   3.  11.  17.   6.   3.   9.
  18.  14.   2.  22.  16.  12.   0.   7.   2.   1.   2.   0.   3.  14.   3.
   3.   2.   5.   3.   4.   3.   2.   3.   3.  16.   5.  20.   4.   7.  14.
  21.   6.  19.  15.   3.   2.  13.  18.  10.   4.  12.  14.   9.   3.   8.
  15.  20.   2.  16.   2.  14.  16.  19.   2.  10.   5.  19.  22.  11.   1.
  12.  13.  14.   4.  17.][  2.   7.   2.   5.   2.   2.  11.  16.   3.  17.  16.  12.  15.   3.  11.
   3.  13.  16.  13.  20.   6.   2.   5.   4.   2.  10.   8.  14.   3.  10.
  20.  11.   3.   3.   3.   6.  20.   1.   5.   1.   4.  14.  11.  22.   3.
  22.  15.  20.   3.   2.   3.   2.   6.   9.   6.  12.   9.  16.   2.  14.
  12.  17.   3.  21.  18.   4.   0.   3.   3.   0.   4.   6.   4.  12.  15.
  24.  20.   2.   0.  17.   2.  25.   5.  15.   8.  22.   1.   5.   8.   4.
  17.  16.  10.   2.  14.   6.  14.   3.  17.  21.  16.   4.  25.   2.   6.
   2.  12.  24.   3.  17.   9.   1.   1.  19.  14.  10.   5.  11.  13.  20.
   4.  14.  12.  15.  17.   2.  15.   4.  10.  12.  19.   2.  20.  20.  11.
   5.  12.   7.  12.   4.   2.   0.  15.  14.  20.   3.  11.  17.   9.  11.
   1.   3.   4.   3.  10.   4.   6.  18.  14.   2.  17.  16.  18.   2.  14.
  18.  17.   3.   2.   4.  11.   4.   3.   3.  13.  16.  16.   3.  10.  17.
  15.   2.  14.   4.  15.  22.  12.   6.  12.  12.   4.   2.   1.  16.   2.
  22.   4.   5.   4.   3.   5.  10.   2.  21.  15.   7.   1.   2.   4.   3.
   7.   4.   2.   5.  14.  17.  17.   3.  15.  15.   3.   5.  14.   4.   3.
  19.   2.   3.   3.  19.   9.  11.   1.   4.   4.  10.   8.  13.   0.  14.
  21.  10.   1.  18.   4.  13.   2.  12.  19.  20.  10.   6.   2.   3.   2.
   1.   4.  15.   3.   4.  14.  14.  16.   4.  16.  21.  19.   1.  20.  14.
  18.   2.   1.   2.   4.   3.   3.   0.   4.   4.   3.  14.   6.  12.  16.
   4.  18.  15.   3.  10.  17.  13.   2.  19.  20.  12.   3.  21.   2.  14.
  13.  16.   1.   4.  16.   8.  19.   0.   5.   4.   1.  11.   7.   3.   2.
   2.   5.   2.   3.  14.  17.  14.   1.  11.  18.  20.   7.   2.   4.   2.
  14.  20.  17.   1.   1.   4.   3.   5.  22.   2.  12.  15.  14.  12.   3.
  18.   2.  20.  12.  17.   7.  13.  14.  14.   3.  18.  14.  20.   1.   4.
   4.  13.   1.   4.   1.   2.   2.  12.   8.  15.   1.  22.  22.  20.   2.
  16.   9.  17.   6.   2.  22.   8.  17.   1.   4.  14.   3.  14.   3.  19.
   5.  12.  14.  10.   2.   3.   6.   0.   4.  16.  15.  13.   3.   2.   5.
   4.   4.   7.   3.   4.  16.   3.  14.   2.  15.  14.  15.   3.   9.  15.
   0.   0.   3.   1.   5.   5.   9.   2.   6.   5.  20.  18.   4.  15.   3.
  11.   9.   3.  10.   5.   3.  17.  20.  13.   6.  14.  14.   9.   5.  12.
  14.  12.   3.  14.   4.  10.  16.   8.   4.  15.  12.   3.   8.  12.  13.
   5.   2.   1.   1.   2.   2.  16.  15.   2.   2.  17.   9.  12.   3.   2.
   2.   4.   2.   4.   4.   3.   4.   1.   2.   2.   0.   4.   2.   1.   6.
   1.   5.   4.  10.   6.][  2.  20.   2.   6.   2.  18.  13.   4.  12.  13.   6.   3.   3.   0.  11.
  19.   5.   5.   6.   2.   3.  24.  13.  14.   3.   3.   5.   4.   3.  10.
  12.  17.   1.   0.   4.   2.   5.   2.   5.   7.   3.   3.   6.   2.   2.
   2.   1.   6.   1.   1.   3.  10.   5.  11.   8.  16.   4.   3.   3.  10.
  14.  13.   7.   3.   0.   2.   4.   2.   4.   1.   3.   1.   5.   5.  18.
  21.  13.   2.  15.  14.  17.  15.   2.  20.  14.   0.  13.  16.  11.   1.
   1.   2.   4.   2.  14.  15.  11.   2.  17.  19.   4.   3.   1.   3.   3.
   0.  10.   3.   4.   1.  16.   2.  13.  19.   1.  15.  13.  11.   7.   9.
   1.  11.  15.  11.   2.   6.   1.   3.  15.  16.   5.  19.  19.  18.   4.
  17.  10.  13.   2.  20.  16.  18.   3.   4.  23.  15.   2.  14.  19.  10.
   5.  10.   8.  13.   2.  18.   1.   5.   6.  10.  11.  15.   2.   4.   4.
   4.   5.   3.   4.   4.  18.  19.  16.   2.  11.   7.  16.   1.   4.   1.
   4.  19.  12.  19.   5.   3.   4.  13.  13.  16.   6.   3.   2.   0.   7.
   3.   2.   3.   3.   2.   6.  13.  18.  10.   5.   0.   4.  13.  17.  15.
  17.   5.   0.   2.   5.   3.   2.   3.  13.   3.   1.   3.   2.   4.   2.
   1.   1.   2.   2.  17.  12.  18.   3.   3.   2.   3.   8.   3.   2.  12.
  17.  19.   5.   2.   0.   5.   2.   3.   1.  14.   2.   3.   6.  19.  14.
   1.  16.  13.   7.  10.  14.  19.   5.   3.   4.   8.   0.   3.   3.   5.
   3.  15.  15.   8.   2.  18.   4.   2.   4.  19.  14.   3.   5.   2.   6.
   1.  16.  10.  10.   6.   4.  12.  12.   1.  18.  17.   4.  17.  14.  11.
  11.   1.  11.   3.   6.   2.   4.  13.  13.   5.  17.   1.  12.   9.  18.
   4.  17.  14.  15.  17.   2.  20.  15.  14.  20.   2.  13.  15.  10.   3.
  13.  12.   4.   7.   7.  10.   3.   3.   2.   4.   2.   4.  20.  21.   6.
   1.  12.   3.  13.  16.  21.  17.  11.   3.   3.   3.   1.   3.   1.   3.
  18.  21.  12.   3.  20.  15.   5.   1.   5.  19.  13.  11.   6.  11.  14.
  17.   2.  12.   2.  14.  22.  23.  17.   3.  10.   3.   9.  23.  17.   3.
   4.   2.   3.   2.   3.   3.   4.   8.   7.   2.   2.  15.  16.  19.   1.
   0.   5.   2.   2.   0.   2.   9.  17.  14.   4.  23.   7.   3.   4.   6.
   1.   3.  11.  18.  12.   1.  20.   8.  12.   9.   1.  11.  15.  14.   4.
  18.  14.  15.  20.   2.  11.  21.  12.   3.   3.   0.   3.   3.   1.   3.
   2.  19.   2.   4.   3.  15.  13.  16.   2.  10.  13.  13.   3.   5.   2.
   3.  12.  18.   6.   9.   4.   3.   2.   2.  22.   4.   3.   1.   3.   2.
   5.  14.  11.   1.   4.   4.   3.  14.   6.  12.  12.   9.   5.  15.  13.
  16.   3.  16.  16.  23.][  9.   9.   7.   4.  14.  24.  17.   4.   1.  16.  17.  15.   5.   3.   1.
   4.   3.  11.   4.  15.   2.   4.   9.  12.  15.   4.   4.   1.   4.   4.
   6.   3.   2.   3.   3.   2.   2.   2.   4.   0.   2.   5.   2.   5.   3.
   5.   7.   3.  20.   1.  19.   7.   3.  14.  10.  19.   4.  15.  20.  15.
   3.  12.  17.  17.   5.  14.   8.  15.   1.  16.   2.  18.  12.  22.   5.
  13.   8.  12.   5.   3.   5.   3.   3.   2.   1.  15.  12.  12.   2.   7.
   5.   4.   1.   4.   5.   4.  11.  14.   4.  20.   2.  15.   3.  16.  13.
  12.  21.   3.   8.  20.  15.   5.  16.  13.   3.  24.   2.  12.  12.  22.
   0.   9.  21.   2.   1.   1.   3.   4.   6.   1.   3.   5.   2.   5.   0.
   6.   2.  11.  18.  15.   4.  20.  14.  17.   5.  15.  17.  19.  17.   2.
  18.  13.  19.  16.   3.   8.   4.  12.  16.  16.  10.   6.  19.  14.   6.
   2.  11.   6.  16.  13.   2.  21.  13.  17.  18.  19.   3.  14.  14.   2.
   4.   3.   5.   9.  13.  20.   1.  20.  19.  18.   2.   2.   7.  13.  14.
  10.   4.   2.  17.  18.  17.   2.  15.   8.  21.   2.   4.   1.   2.  15.
  14.   3.  10.   3.  10.  24.  19.   1.  21.  16.  17.   5.   3.   3.   3.
   5.   2.   4.   4.   6.  15.   2.  10.   4.   3.   2.   2.   2.   2.   5.
   2.   0.  21.   2.  18.  10.  13.   3.  15.  19.  17.   3.  16.  17.  14.
   5.  15.  15.  15.   4.  13.   3.  20.   4.   3.  17.  22.   9.  16.  19.
  19.   0.   6.   4.   4.   2.  21.   3.  11.   3.   4.   6.   4.   3.  10.
  12.  18.   3.   4.   6.   7.   6.   2.   2.   3.   1.   6.   1.   2.   3.
  16.   3.   2.   6.   1.   2.   2.   2.  13.  16.  11.   3.  19.  16.  19.
   6.   1.   0.   6.  11.  18.  24.  22.  14.   2.  16.  11.  16.   0.  13.
  23.  14.   3.  18.  15.  14.  10.   1.   5.   0.   2.   1.   2.  20.  15.
  10.   4.   2.   6.   5.   3.   4.   5.   2.   5.   3.   4.   5.  14.   0.
   3.   2.   7.  11.  16.  14.  20.   4.  11.  11.  16.  18.   3.  12.  18.
   5.   4.   1.   7.   3.   4.   3.   6.   3.   4.   3.  16.  11.  22.   4.
   0.   3.   1.   4.  10.  16.  13.   1.  10.  14.  19.   2.  23.  11.  24.
  18.   2.  14.   2.   9.   1.   2.   2.   4.  13.  19.   5.  12.  13.  12.
   4.   3.   7.   6.  21.  16.   0.  17.   0.   4.   1.   4.   5.  16.  12.
   3.  12.  12.  12.   3.   6.   4.  17.  12.   5.   2.   3.   2.   4.  11.
   4.  11.  20.   1.   4.   3.  15.  14.  13.   5.   4.   0.   3.   8.   2.
   2.   5.   2.   4.  18.  15.  11.   1.   2.   6.  10.  16.  12.   2.   4.
   3.   5.   5.   3.   4.   2.  16.  11.  13.   0.   3.   2.   3.   3.   3.
   4.   1.   3.   5.   5.][ 16.  15.   4.   4.   3.   3.   2.   7.   5.   0.   2.   5.   2.   4.   5.
   4.   1.   6.   1.   2.   3.   3.   5.   1.   1.   3.   4.   4.   6.   4.
   5.   4.   1.  15.  13.   3.  14.  15.  11.   3.   8.  23.  12.   4.  13.
   2.   4.   4.   4.   2.   4.   2.   2.  10.   3.   2.   3.   1.   2.  21.
   6.  10.   2.  15.  18.  14.   6.   3.   6.   0.   1.   3.   5.   4.  19.
  14.  16.   2.   4.   4.  16.  15.  16.   3.  17.   4.  15.   2.   6.   3.
   6.   3.   1.   5.  13.  19.   8.   5.   4.   5.   2.   0.  18.  19.  22.
   2.   1.   2.   0.  14.  11.  14.   6.   2.  12.   7.  10.  18.   4.  18.
  16.  14.   8.   6.   2.   0.   2.   3.  12.  11.  15.   5.   0.   2.   4.
   2.   4.   1.   3.  17.   4.  13.   6.  13.  16.  23.   2.   6.   3.   3.
   5.   5.   2.   2.   2.   3.  12.   3.  19.   3.   2.   2.   3.   6.   3.
   7.   1.  11.   1.   3.   5.   3.  20.  17.  10.   3.  14.   2.  12.  16.
  19.   1.   6.   5.   2.   6.   4.  17.   3.  14.  17.  14.   7.   1.  17.
   1.  15.   7.   3.   3.   8.  19.  22.  11.   3.  11.  16.  16.   6.  10.
  10.  23.  14.   4.   5.   2.   4.  19.   2.  12.  18.  17.   3.  12.   4.
   1.   4.   5.   2.  15.  15.  13.   3.   3.   4.   7.   4.   2.   5.   2.
   3.  20.  16.   6.  18.  19.  12.   4.  12.  24.   4.   2.   2.   2.   2.
   2.   3.   3.  19.  12.  21.   2.  13.  18.   5.   2.   5.   1.   3.   5.
   3.   1.   2.   3.   1.  12.  12.  15.   1.  17.  12.  15.   4.   1.   4.
  19.   1.  11.  19.   4.   1.   4.   2.  10.  12.  19.   3.   3.   3.   7.
  10.  14.  16.   4.   4.  13.   5.  12.  16.  16.   3.  10.  16.   2.   0.
   4.   4.   2.   5.   4.   1.   3.   3.   4.   5.   6.   3.   2.   1.   4.
   5.   4.   3.   4.   2.   4.   3.   1.   3.   1.   2.   1.   3.   2.   1.
   3.  15.   3.   5.   3.   2.   1.   4.   3.   4.  15.   4.  12.  10.   1.
  20.  17.  13.   3.  10.  14.  16.   2.   4.   4.   4.   3.   1.   5.   4.
  20.   1.  20.   0.  13.  14.  17.   5.  16.   3.  16.  19.  21.   3.  19.
  17.   1.   1.   6.  20.   9.  13.   4.  19.  14.  14.   2.  14.  18.   2.
   4.   2.  24.   4.  15.  15.  22.  12.   4.  12.   1.   4.   5.  16.  16.
  21.   4.  11.   1.  10.   1.  14.   9.  15.   3.  20.  17.  24.  14.   3.
   8.   5.  20.   3.  15.  13.  12.   5.  20.  23.  17.   7.   9.  12.  14.
   6.   2.   0.  11.  14.  18.  13.   5.   1.   2.  21.  13.  11.  13.   1.
   1.   2.   3.   3.   4.   4.  13.  12.   2.  26.   6.   2.   2.  13.  11.
  28.  10.  11.  18.  21.   7.   4.   6.  18.   9.  14.   5.  18.   4.  20.
   2.   7.  21.   5.   2.]

T=5000  max_len=4
{'max_log_p_diff': 1.5, 'log_pr_thresh': 0.01, 'start': 'k-means', 'type_emission': 'Poisson', 'th_prune': 0.007, 'start_params': None}
16 ['0000', '0001', '0010', '0011', '0100', '0101', '0110', '0111', '1000', '1001', '1010', '1011', '1100', '1101', '1110', '1111']
c_p: [ 0.232  0.066  0.021  0.056  0.024  0.027  0.026  0.107  0.066  0.012
  0.03   0.076  0.053  0.079  0.107  0.016]
a: [[ 0.78  0.77  0.9   0.83  0.46  0.37  0.43  0.42  0.32  0.3   0.31  0.24
   0.21  0.19  0.87  0.86]
 [ 0.22  0.23  0.1   0.17  0.54  0.63  0.57  0.58  0.68  0.7   0.69  0.76
   0.79  0.81  0.13  0.14]]
$\lambda$ = [  3.1  15. ]
log_p: -14095.841345384284
aic: 28259.682690768568
hmm_aic: 28257.682690768568

5 ['00', '01', '10', '110', '111']
c_p: [ 0.376  0.185  0.184  0.133  0.123]
a: [[ 0.79  0.42  0.28  0.19  0.87]
 [ 0.21  0.58  0.72  0.81  0.13]]
$\lambda$ = [  3.1  15. ]
log_p: -14105.69439877685
aic: 28235.3887975537


lgprob:
vlhmm = -14105.69439877685,  hmm = -14602.867421859495   diff= 497.17302308264516
params: vlhmm=12 hmm=5
aic:
vlhmm = 28235.3887975537,  hmm = 29215.73484371899   diff= -980.3460461652903
fdr, fndr: (0.011277601642178064, 0.0079298482248460148)

fitting time: 1.1723902225494385


hmm2:
2 ['0', '1']
c_p: [ 0.56  0.44]
a: [[ 0.67  0.42]
 [ 0.33  0.58]]
$\lambda$ = [  3.1  15. ]
log_p: -14602.925873278085
aic: 29217.85174655617
hmm_aic: 29215.85174655617

log_p -14602.925873278085,  aic 29217.85174655617

log_p [-14105.69439877685, -14095.841345384284, -14602.925873278085]
aic [28235.3887975537, 28257.682690768568, 29215.851746556171]

